,L12
567993600000,0.387
567997200000,0.544
568000800000,0.64
568004400000,0.672
568008000000,0.651
568011600000,0.588
568015200000,0.458
568018800000,0.322
568022400000,0.12
568026000000,0.0
568029600000,0.0
568033200000,0.0
568036800000,0.0
568040400000,0.0
568044000000,0.0
568047600000,0.0
568051200000,0.0
568054800000,0.0
568058400000,0.0
568062000000,0.0
568065600000,0.0
568069200000,0.0
568072800000,0.034
568076400000,0.236
568080000000,0.414
568083600000,0.538
568087200000,0.642
568090800000,0.677
568094400000,0.672
568098000000,0.614
568101600000,0.508
568105200000,0.351
568108800000,0.142
568112400000,0.0
568116000000,0.0
568119600000,0.0
568123200000,0.0
568126800000,0.0
568130400000,0.0
568134000000,0.0
568137600000,0.0
568141200000,0.0
568144800000,0.0
568148400000,0.0
568152000000,0.0
568155600000,0.0
568159200000,0.012
568162800000,0.142
568166400000,0.314
568170000000,0.466
568173600000,0.571
568177200000,0.613
568180800000,0.599
568184400000,0.524
568188000000,0.382
568191600000,0.233
568195200000,0.079
568198800000,0.0
568202400000,0.0
568206000000,0.0
568209600000,0.0
568213200000,0.0
568216800000,0.0
568220400000,0.0
568224000000,0.0
568227600000,0.0
568231200000,0.0
568234800000,0.0
568238400000,0.0
568242000000,0.0
568245600000,0.023
568249200000,0.196
568252800000,0.377
568256400000,0.507
568260000000,0.546
568263600000,0.499
568267200000,0.453
568270800000,0.436
568274400000,0.359
568278000000,0.235
568281600000,0.088
568285200000,0.0
568288800000,0.0
568292400000,0.0
568296000000,0.0
568299600000,0.0
568303200000,0.0
568306800000,0.0
568310400000,0.0
568314000000,0.0
568317600000,0.0
568321200000,0.0
568324800000,0.0
568328400000,0.0
568332000000,0.019
568335600000,0.176
568339200000,0.357
568342800000,0.474
568346400000,0.565
568350000000,0.605
568353600000,0.608
568357200000,0.513
568360800000,0.412
568364400000,0.257
568368000000,0.117
568371600000,0.0
568375200000,0.0
568378800000,0.0
568382400000,0.0
568386000000,0.0
568389600000,0.0
568393200000,0.0
568396800000,0.0
568400400000,0.0
568404000000,0.0
568407600000,0.0
568411200000,0.0
568414800000,0.0
568418400000,0.022
568422000000,0.192
568425600000,0.378
568429200000,0.515
568432800000,0.608
568436400000,0.667
568440000000,0.627
568443600000,0.592
568447200000,0.46
568450800000,0.299
568454400000,0.119
568458000000,0.0
568461600000,0.0
568465200000,0.0
568468800000,0.0
568472400000,0.0
568476000000,0.0
568479600000,0.0
568483200000,0.0
568486800000,0.0
568490400000,0.0
568494000000,0.0
568497600000,0.0
568501200000,0.0
568504800000,0.026
568508400000,0.205
568512000000,0.397
568515600000,0.551
568519200000,0.635
568522800000,0.671
568526400000,0.658
568530000000,0.602
568533600000,0.497
568537200000,0.333
568540800000,0.121
568544400000,0.0
568548000000,0.0
568551600000,0.0
568555200000,0.0
568558800000,0.0
568562400000,0.0
568566000000,0.0
568569600000,0.0
568573200000,0.0
568576800000,0.0
568580400000,0.0
568584000000,0.0
568587600000,0.0
568591200000,0.03
568594800000,0.215
568598400000,0.405
568602000000,0.543
568605600000,0.613
568609200000,0.644
568612800000,0.649
568616400000,0.577
568620000000,0.483
568623600000,0.322
568627200000,0.118
568630800000,0.0
568634400000,0.0
568638000000,0.0
568641600000,0.0
568645200000,0.0
568648800000,0.0
568652400000,0.0
568656000000,0.0
568659600000,0.0
568663200000,0.0
568666800000,0.0
568670400000,0.0
568674000000,0.0
568677600000,0.019
568681200000,0.177
568684800000,0.321
568688400000,0.398
568692000000,0.462
568695600000,0.481
568699200000,0.401
568702800000,0.359
568706400000,0.311
568710000000,0.197
568713600000,0.079
568717200000,0.0
568720800000,0.0
568724400000,0.0
568728000000,0.0
568731600000,0.0
568735200000,0.0
568738800000,0.0
568742400000,0.0
568746000000,0.0
568749600000,0.0
568753200000,0.0
568756800000,0.0
568760400000,0.0
568764000000,0.006
568767600000,0.096
568771200000,0.217
568774800000,0.349
568778400000,0.438
568782000000,0.475
568785600000,0.484
568789200000,0.467
568792800000,0.391
568796400000,0.238
568800000000,0.092
568803600000,0.0
568807200000,0.0
568810800000,0.0
568814400000,0.0
568818000000,0.0
568821600000,0.0
568825200000,0.0
568828800000,0.0
568832400000,0.0
568836000000,0.0
568839600000,0.0
568843200000,0.0
568846800000,0.0
568850400000,0.017
568854000000,0.161
568857600000,0.332
568861200000,0.461
568864800000,0.549
568868400000,0.572
568872000000,0.547
568875600000,0.474
568879200000,0.354
568882800000,0.206
568886400000,0.067
568890000000,0.0
568893600000,0.0
568897200000,0.0
568900800000,0.0
568904400000,0.0
568908000000,0.0
568911600000,0.0
568915200000,0.0
568918800000,0.0
568922400000,0.0
568926000000,0.0
568929600000,0.0
568933200000,0.0
568936800000,0.028
568940400000,0.215
568944000000,0.401
568947600000,0.531
568951200000,0.61
568954800000,0.638
568958400000,0.639
568962000000,0.572
568965600000,0.466
568969200000,0.296
568972800000,0.108
568976400000,0.0
568980000000,0.0
568983600000,0.0
568987200000,0.0
568990800000,0.0
568994400000,0.0
568998000000,0.0
569001600000,0.0
569005200000,0.0
569008800000,0.0
569012400000,0.0
569016000000,0.0
569019600000,0.0
569023200000,0.03
569026800000,0.226
569030400000,0.417
569034000000,0.56
569037600000,0.649
569041200000,0.686
569044800000,0.67
569048400000,0.618
569052000000,0.509
569055600000,0.343
569059200000,0.144
569062800000,0.0
569066400000,0.0
569070000000,0.0
569073600000,0.0
569077200000,0.0
569080800000,0.0
569084400000,0.0
569088000000,0.0
569091600000,0.0
569095200000,0.0
569098800000,0.0
569102400000,0.0
569106000000,0.0
569109600000,0.028
569113200000,0.204
569116800000,0.387
569120400000,0.52
569124000000,0.65
569127600000,0.688
569131200000,0.678
569134800000,0.628
569138400000,0.514
569142000000,0.354
569145600000,0.147
569149200000,0.0
569152800000,0.0
569156400000,0.0
569160000000,0.0
569163600000,0.0
569167200000,0.0
569170800000,0.0
569174400000,0.0
569178000000,0.0
569181600000,0.0
569185200000,0.0
569188800000,0.0
569192400000,0.0
569196000000,0.032
569199600000,0.242
569203200000,0.429
569206800000,0.558
569210400000,0.645
569214000000,0.685
569217600000,0.681
569221200000,0.626
569224800000,0.52
569228400000,0.36
569232000000,0.138
569235600000,0.0
569239200000,0.0
569242800000,0.0
569246400000,0.0
569250000000,0.0
569253600000,0.0
569257200000,0.0
569260800000,0.0
569264400000,0.0
569268000000,0.0
569271600000,0.0
569275200000,0.0
569278800000,0.0
569282400000,0.016
569286000000,0.103
569289600000,0.151
569293200000,0.165
569296800000,0.17
569300400000,0.174
569304000000,0.159
569307600000,0.144
569311200000,0.111
569314800000,0.057
569318400000,0.017
569322000000,0.0
569325600000,0.0
569329200000,0.0
569332800000,0.0
569336400000,0.0
569340000000,0.0
569343600000,0.0
569347200000,0.0
569350800000,0.0
569354400000,0.0
569358000000,0.0
569361600000,0.0
569365200000,0.0
569368800000,0.008
569372400000,0.129
569376000000,0.283
569379600000,0.361
569383200000,0.385
569386800000,0.376
569390400000,0.388
569394000000,0.4
569397600000,0.343
569401200000,0.234
569404800000,0.094
569408400000,0.0
569412000000,0.0
569415600000,0.0
569419200000,0.0
569422800000,0.0
569426400000,0.0
569430000000,0.0
569433600000,0.0
569437200000,0.0
569440800000,0.0
569444400000,0.0
569448000000,0.0
569451600000,0.0
569455200000,0.029
569458800000,0.223
569462400000,0.402
569466000000,0.539
569469600000,0.628
569473200000,0.67
569476800000,0.655
569480400000,0.6
569484000000,0.493
569487600000,0.321
569491200000,0.128
569494800000,0.0
569498400000,0.0
569502000000,0.0
569505600000,0.0
569509200000,0.0
569512800000,0.0
569516400000,0.0
569520000000,0.0
569523600000,0.0
569527200000,0.0
569530800000,0.0
569534400000,0.0
569538000000,0.0
569541600000,0.038
569545200000,0.248
569548800000,0.434
569552400000,0.571
569556000000,0.658
569559600000,0.684
569563200000,0.685
569566800000,0.63
569570400000,0.525
569574000000,0.348
569577600000,0.137
569581200000,0.0
569584800000,0.0
569588400000,0.0
569592000000,0.0
569595600000,0.0
569599200000,0.0
569602800000,0.0
569606400000,0.0
569610000000,0.0
569613600000,0.0
569617200000,0.0
569620800000,0.0
569624400000,0.0
569628000000,0.038
569631600000,0.248
569635200000,0.44
569638800000,0.581
569642400000,0.666
569646000000,0.701
569649600000,0.686
569653200000,0.625
569656800000,0.507
569660400000,0.339
569664000000,0.123
569667600000,0.0
569671200000,0.0
569674800000,0.0
569678400000,0.0
569682000000,0.0
569685600000,0.0
569689200000,0.0
569692800000,0.0
569696400000,0.0
569700000000,0.0
569703600000,0.0
569707200000,0.0
569710800000,0.0
569714400000,0.022
569718000000,0.176
569721600000,0.317
569725200000,0.406
569728800000,0.466
569732400000,0.492
569736000000,0.474
569739600000,0.422
569743200000,0.335
569746800000,0.221
569750400000,0.085
569754000000,0.0
569757600000,0.0
569761200000,0.0
569764800000,0.0
569768400000,0.0
569772000000,0.0
569775600000,0.0
569779200000,0.0
569782800000,0.0
569786400000,0.0
569790000000,0.0
569793600000,0.0
569797200000,0.0
569800800000,0.022
569804400000,0.204
569808000000,0.418
569811600000,0.57
569815200000,0.663
569818800000,0.703
569822400000,0.692
569826000000,0.632
569829600000,0.526
569833200000,0.364
569836800000,0.151
569840400000,0.0
569844000000,0.0
569847600000,0.0
569851200000,0.0
569854800000,0.0
569858400000,0.0
569862000000,0.0
569865600000,0.0
569869200000,0.0
569872800000,0.0
569876400000,0.0
569880000000,0.0
569883600000,0.0
569887200000,0.03
569890800000,0.228
569894400000,0.412
569898000000,0.556
569901600000,0.647
569905200000,0.683
569908800000,0.672
569912400000,0.609
569916000000,0.491
569919600000,0.331
569923200000,0.128
569926800000,0.0
569930400000,0.0
569934000000,0.0
569937600000,0.0
569941200000,0.0
569944800000,0.0
569948400000,0.0
569952000000,0.0
569955600000,0.0
569959200000,0.0
569962800000,0.0
569966400000,0.0
569970000000,0.0
569973600000,0.018
569977200000,0.144
569980800000,0.278
569984400000,0.39
569988000000,0.452
569991600000,0.474
569995200000,0.438
569998800000,0.361
570002400000,0.273
570006000000,0.171
570009600000,0.061
570013200000,0.0
570016800000,0.0
570020400000,0.0
570024000000,0.0
570027600000,0.0
570031200000,0.0
570034800000,0.0
570038400000,0.0
570042000000,0.0
570045600000,0.0
570049200000,0.0
570052800000,0.0
570056400000,0.0
570060000000,0.018
570063600000,0.158
570067200000,0.315
570070800000,0.433
570074400000,0.469
570078000000,0.497
570081600000,0.439
570085200000,0.355
570088800000,0.266
570092400000,0.168
570096000000,0.062
570099600000,0.0
570103200000,0.0
570106800000,0.0
570110400000,0.0
570114000000,0.0
570117600000,0.0
570121200000,0.0
570124800000,0.0
570128400000,0.0
570132000000,0.0
570135600000,0.0
570139200000,0.0
570142800000,0.0
570146400000,0.028
570150000000,0.195
570153600000,0.373
570157200000,0.518
570160800000,0.611
570164400000,0.667
570168000000,0.662
570171600000,0.598
570175200000,0.489
570178800000,0.327
570182400000,0.134
570186000000,0.0
570189600000,0.0
570193200000,0.0
570196800000,0.0
570200400000,0.0
570204000000,0.0
570207600000,0.0
570211200000,0.0
570214800000,0.0
570218400000,0.0
570222000000,0.0
570225600000,0.0
570229200000,0.0
570232800000,0.036
570236400000,0.228
570240000000,0.406
570243600000,0.526
570247200000,0.617
570250800000,0.671
570254400000,0.669
570258000000,0.613
570261600000,0.506
570265200000,0.338
570268800000,0.138
570272400000,0.0
570276000000,0.0
570279600000,0.0
570283200000,0.0
570286800000,0.0
570290400000,0.0
570294000000,0.0
570297600000,0.0
570301200000,0.0
570304800000,0.0
570308400000,0.0
570312000000,0.0
570315600000,0.0
570319200000,0.042
570322800000,0.255
570326400000,0.45
570330000000,0.585
570333600000,0.669
570337200000,0.712
570340800000,0.705
570344400000,0.641
570348000000,0.524
570351600000,0.364
570355200000,0.159
570358800000,0.0
570362400000,0.0
570366000000,0.0
570369600000,0.0
570373200000,0.0
570376800000,0.0
570380400000,0.0
570384000000,0.0
570387600000,0.0
570391200000,0.0
570394800000,0.0
570398400000,0.0
570402000000,0.0
570405600000,0.037
570409200000,0.236
570412800000,0.426
570416400000,0.588
570420000000,0.66
570423600000,0.679
570427200000,0.683
570430800000,0.623
570434400000,0.508
570438000000,0.329
570441600000,0.125
570445200000,0.0
570448800000,0.0
570452400000,0.0
570456000000,0.0
570459600000,0.0
570463200000,0.0
570466800000,0.0
570470400000,0.0
570474000000,0.0
570477600000,0.0
570481200000,0.0
570484800000,0.0
570488400000,0.0
570492000000,0.034
570495600000,0.215
570499200000,0.415
570502800000,0.582
570506400000,0.632
570510000000,0.7
570513600000,0.7
570517200000,0.634
570520800000,0.519
570524400000,0.359
570528000000,0.137
570531600000,0.0
570535200000,0.0
570538800000,0.0
570542400000,0.0
570546000000,0.0
570549600000,0.0
570553200000,0.0
570556800000,0.0
570560400000,0.0
570564000000,0.0
570567600000,0.0
570571200000,0.0
570574800000,0.0
570578400000,0.03
570582000000,0.195
570585600000,0.398
570589200000,0.527
570592800000,0.639
570596400000,0.682
570600000000,0.698
570603600000,0.624
570607200000,0.516
570610800000,0.35
570614400000,0.135
570618000000,0.0
570621600000,0.0
570625200000,0.0
570628800000,0.0
570632400000,0.0
570636000000,0.0
570639600000,0.0
570643200000,0.0
570646800000,0.0
570650400000,0.0
570654000000,0.0
570657600000,0.0
570661200000,0.0
570664800000,0.042
570668400000,0.244
570672000000,0.433
570675600000,0.593
570679200000,0.678
570682800000,0.698
570686400000,0.684
570690000000,0.626
570693600000,0.502
570697200000,0.346
570700800000,0.155
570704400000,0.002
570708000000,0.0
570711600000,0.0
570715200000,0.0
570718800000,0.0
570722400000,0.0
570726000000,0.0
570729600000,0.0
570733200000,0.0
570736800000,0.0
570740400000,0.0
570744000000,0.0
570747600000,0.0
570751200000,0.042
570754800000,0.243
570758400000,0.439
570762000000,0.566
570765600000,0.654
570769200000,0.716
570772800000,0.707
570776400000,0.651
570780000000,0.54
570783600000,0.376
570787200000,0.158
570790800000,0.003
570794400000,0.0
570798000000,0.0
570801600000,0.0
570805200000,0.0
570808800000,0.0
570812400000,0.0
570816000000,0.0
570819600000,0.0
570823200000,0.0
570826800000,0.0
570830400000,0.0
570834000000,0.0
570837600000,0.046
570841200000,0.249
570844800000,0.431
570848400000,0.605
570852000000,0.697
570855600000,0.742
570859200000,0.727
570862800000,0.667
570866400000,0.559
570870000000,0.371
570873600000,0.16
570877200000,0.003
570880800000,0.0
570884400000,0.0
570888000000,0.0
570891600000,0.0
570895200000,0.0
570898800000,0.0
570902400000,0.0
570906000000,0.0
570909600000,0.0
570913200000,0.0
570916800000,0.0
570920400000,0.0
570924000000,0.049
570927600000,0.272
570931200000,0.472
570934800000,0.617
570938400000,0.706
570942000000,0.741
570945600000,0.726
570949200000,0.663
570952800000,0.556
570956400000,0.399
570960000000,0.187
570963600000,0.005
570967200000,0.0
570970800000,0.0
570974400000,0.0
570978000000,0.0
570981600000,0.0
570985200000,0.0
570988800000,0.0
570992400000,0.0
570996000000,0.0
570999600000,0.0
571003200000,0.0
571006800000,0.0
571010400000,0.043
571014000000,0.244
571017600000,0.449
571021200000,0.587
571024800000,0.673
571028400000,0.711
571032000000,0.702
571035600000,0.64
571039200000,0.53
571042800000,0.363
571046400000,0.134
571050000000,0.001
571053600000,0.0
571057200000,0.0
571060800000,0.0
571064400000,0.0
571068000000,0.0
571071600000,0.0
571075200000,0.0
571078800000,0.0
571082400000,0.0
571086000000,0.0
571089600000,0.0
571093200000,0.0
571096800000,0.024
571100400000,0.186
571104000000,0.409
571107600000,0.568
571111200000,0.65
571114800000,0.695
571118400000,0.686
571122000000,0.629
571125600000,0.524
571129200000,0.365
571132800000,0.163
571136400000,0.002
571140000000,0.0
571143600000,0.0
571147200000,0.0
571150800000,0.0
571154400000,0.0
571158000000,0.0
571161600000,0.0
571165200000,0.0
571168800000,0.0
571172400000,0.0
571176000000,0.0
571179600000,0.0
571183200000,0.033
571186800000,0.217
571190400000,0.442
571194000000,0.59
571197600000,0.676
571201200000,0.706
571204800000,0.683
571208400000,0.624
571212000000,0.521
571215600000,0.358
571219200000,0.159
571222800000,0.003
571226400000,0.0
571230000000,0.0
571233600000,0.0
571237200000,0.0
571240800000,0.0
571244400000,0.0
571248000000,0.0
571251600000,0.0
571255200000,0.0
571258800000,0.0
571262400000,0.0
571266000000,0.0
571269600000,0.035
571273200000,0.233
571276800000,0.467
571280400000,0.606
571284000000,0.671
571287600000,0.69
571291200000,0.706
571294800000,0.662
571298400000,0.555
571302000000,0.392
571305600000,0.185
571309200000,0.006
571312800000,0.0
571316400000,0.0
571320000000,0.0
571323600000,0.0
571327200000,0.0
571330800000,0.0
571334400000,0.0
571338000000,0.0
571341600000,0.0
571345200000,0.0
571348800000,0.0
571352400000,0.0
571356000000,0.049
571359600000,0.254
571363200000,0.441
571366800000,0.588
571370400000,0.685
571374000000,0.723
571377600000,0.708
571381200000,0.643
571384800000,0.537
571388400000,0.367
571392000000,0.159
571395600000,0.004
571399200000,0.0
571402800000,0.0
571406400000,0.0
571410000000,0.0
571413600000,0.0
571417200000,0.0
571420800000,0.0
571424400000,0.0
571428000000,0.0
571431600000,0.0
571435200000,0.0
571438800000,0.0
571442400000,0.04
571446000000,0.236
571449600000,0.434
571453200000,0.587
571456800000,0.671
571460400000,0.705
571464000000,0.695
571467600000,0.63
571471200000,0.525
571474800000,0.366
571478400000,0.172
571482000000,0.005
571485600000,0.0
571489200000,0.0
571492800000,0.0
571496400000,0.0
571500000000,0.0
571503600000,0.0
571507200000,0.0
571510800000,0.0
571514400000,0.0
571518000000,0.0
571521600000,0.0
571525200000,0.0
571528800000,0.05
571532400000,0.253
571536000000,0.45
571539600000,0.593
571543200000,0.681
571546800000,0.713
571550400000,0.684
571554000000,0.585
571557600000,0.435
571561200000,0.271
571564800000,0.119
571568400000,0.003
571572000000,0.0
571575600000,0.0
571579200000,0.0
571582800000,0.0
571586400000,0.0
571590000000,0.0
571593600000,0.0
571597200000,0.0
571600800000,0.0
571604400000,0.0
571608000000,0.0
571611600000,0.0
571615200000,0.039
571618800000,0.221
571622400000,0.438
571626000000,0.585
571629600000,0.668
571633200000,0.696
571636800000,0.673
571640400000,0.614
571644000000,0.506
571647600000,0.34
571651200000,0.137
571654800000,0.002
571658400000,0.0
571662000000,0.0
571665600000,0.0
571669200000,0.0
571672800000,0.0
571676400000,0.0
571680000000,0.0
571683600000,0.0
571687200000,0.0
571690800000,0.0
571694400000,0.0
571698000000,0.0
571701600000,0.023
571705200000,0.143
571708800000,0.282
571712400000,0.403
571716000000,0.482
571719600000,0.515
571723200000,0.507
571726800000,0.455
571730400000,0.363
571734000000,0.242
571737600000,0.111
571741200000,0.001
571744800000,0.0
571748400000,0.0
571752000000,0.0
571755600000,0.0
571759200000,0.0
571762800000,0.0
571766400000,0.0
571770000000,0.0
571773600000,0.0
571777200000,0.0
571780800000,0.0
571784400000,0.0
571788000000,0.035
571791600000,0.206
571795200000,0.403
571798800000,0.557
571802400000,0.65
571806000000,0.703
571809600000,0.695
571813200000,0.64
571816800000,0.543
571820400000,0.383
571824000000,0.185
571827600000,0.008
571831200000,0.0
571834800000,0.0
571838400000,0.0
571842000000,0.0
571845600000,0.0
571849200000,0.0
571852800000,0.0
571856400000,0.0
571860000000,0.0
571863600000,0.0
571867200000,0.0
571870800000,0.0
571874400000,0.019
571878000000,0.112
571881600000,0.21
571885200000,0.327
571888800000,0.516
571892400000,0.675
571896000000,0.698
571899600000,0.651
571903200000,0.549
571906800000,0.385
571910400000,0.186
571914000000,0.009
571917600000,0.0
571921200000,0.0
571924800000,0.0
571928400000,0.0
571932000000,0.0
571935600000,0.0
571939200000,0.0
571942800000,0.0
571946400000,0.0
571950000000,0.0
571953600000,0.0
571957200000,0.0
571960800000,0.048
571964400000,0.253
571968000000,0.448
571971600000,0.585
571975200000,0.674
571978800000,0.707
571982400000,0.68
571986000000,0.592
571989600000,0.439
571993200000,0.254
571996800000,0.101
572000400000,0.002
572004000000,0.0
572007600000,0.0
572011200000,0.0
572014800000,0.0
572018400000,0.0
572022000000,0.0
572025600000,0.0
572029200000,0.0
572032800000,0.0
572036400000,0.0
572040000000,0.0
572043600000,0.0
572047200000,0.048
572050800000,0.25
572054400000,0.438
572058000000,0.573
572061600000,0.653
572065200000,0.683
572068800000,0.674
572072400000,0.591
572076000000,0.464
572079600000,0.311
572083200000,0.135
572086800000,0.004
572090400000,0.0
572094000000,0.0
572097600000,0.0
572101200000,0.0
572104800000,0.0
572108400000,0.0
572112000000,0.0
572115600000,0.0
572119200000,0.0
572122800000,0.0
572126400000,0.0
572130000000,0.0
572133600000,0.036
572137200000,0.211
572140800000,0.41
572144400000,0.568
572148000000,0.648
572151600000,0.705
572155200000,0.692
572158800000,0.636
572162400000,0.527
572166000000,0.357
572169600000,0.147
572173200000,0.005
572176800000,0.0
572180400000,0.0
572184000000,0.0
572187600000,0.0
572191200000,0.0
572194800000,0.0
572198400000,0.0
572202000000,0.0
572205600000,0.0
572209200000,0.0
572212800000,0.0
572216400000,0.0
572220000000,0.058
572223600000,0.269
572227200000,0.455
572230800000,0.57
572234400000,0.636
572238000000,0.646
572241600000,0.636
572245200000,0.55
572248800000,0.455
572252400000,0.323
572256000000,0.165
572259600000,0.007
572263200000,0.0
572266800000,0.0
572270400000,0.0
572274000000,0.0
572277600000,0.0
572281200000,0.0
572284800000,0.0
572288400000,0.0
572292000000,0.0
572295600000,0.0
572299200000,0.0
572302800000,0.0
572306400000,0.057
572310000000,0.273
572313600000,0.461
572317200000,0.59
572320800000,0.665
572324400000,0.69
572328000000,0.689
572331600000,0.643
572335200000,0.52
572338800000,0.347
572342400000,0.168
572346000000,0.007
572349600000,0.0
572353200000,0.0
572356800000,0.0
572360400000,0.0
572364000000,0.0
572367600000,0.0
572371200000,0.0
572374800000,0.0
572378400000,0.0
572382000000,0.0
572385600000,0.0
572389200000,0.0
572392800000,0.06
572396400000,0.278
572400000000,0.476
572403600000,0.614
572407200000,0.7
572410800000,0.736
572414400000,0.721
572418000000,0.66
572421600000,0.557
572425200000,0.396
572428800000,0.194
572432400000,0.01
572436000000,0.0
572439600000,0.0
572443200000,0.0
572446800000,0.0
572450400000,0.0
572454000000,0.0
572457600000,0.0
572461200000,0.0
572464800000,0.0
572468400000,0.0
572472000000,0.0
572475600000,0.0
572479200000,0.055
572482800000,0.264
572486400000,0.461
572490000000,0.601
572493600000,0.69
572497200000,0.714
572500800000,0.701
572504400000,0.641
572508000000,0.535
572511600000,0.386
572515200000,0.181
572518800000,0.009
572522400000,0.0
572526000000,0.0
572529600000,0.0
572533200000,0.0
572536800000,0.0
572540400000,0.0
572544000000,0.0
572547600000,0.0
572551200000,0.0
572554800000,0.0
572558400000,0.0
572562000000,0.0
572565600000,0.069
572569200000,0.285
572572800000,0.473
572576400000,0.615
572580000000,0.711
572583600000,0.747
572587200000,0.738
572590800000,0.68
572594400000,0.573
572598000000,0.408
572601600000,0.2
572605200000,0.011
572608800000,0.0
572612400000,0.0
572616000000,0.0
572619600000,0.0
572623200000,0.0
572626800000,0.0
572630400000,0.0
572634000000,0.0
572637600000,0.0
572641200000,0.0
572644800000,0.0
572648400000,0.0
572652000000,0.068
572655600000,0.286
572659200000,0.472
572662800000,0.603
572666400000,0.695
572670000000,0.726
572673600000,0.717
572677200000,0.654
572680800000,0.549
572684400000,0.401
572688000000,0.199
572691600000,0.014
572695200000,0.0
572698800000,0.0
572702400000,0.0
572706000000,0.0
572709600000,0.0
572713200000,0.0
572716800000,0.0
572720400000,0.0
572724000000,0.0
572727600000,0.0
572731200000,0.0
572734800000,0.0
572738400000,0.062
572742000000,0.264
572745600000,0.448
572749200000,0.611
572752800000,0.696
572756400000,0.732
572760000000,0.716
572763600000,0.653
572767200000,0.539
572770800000,0.391
572774400000,0.195
572778000000,0.011
572781600000,0.0
572785200000,0.0
572788800000,0.0
572792400000,0.0
572796000000,0.0
572799600000,0.0
572803200000,0.0
572806800000,0.0
572810400000,0.0
572814000000,0.0
572817600000,0.0
572821200000,0.0
572824800000,0.059
572828400000,0.258
572832000000,0.448
572835600000,0.578
572839200000,0.677
572842800000,0.709
572846400000,0.696
572850000000,0.643
572853600000,0.543
572857200000,0.381
572860800000,0.164
572864400000,0.01
572868000000,0.0
572871600000,0.0
572875200000,0.0
572878800000,0.0
572882400000,0.0
572886000000,0.0
572889600000,0.0
572893200000,0.0
572896800000,0.0
572900400000,0.0
572904000000,0.0
572907600000,0.0
572911200000,0.066
572914800000,0.27
572918400000,0.456
572922000000,0.6
572925600000,0.689
572929200000,0.712
572932800000,0.705
572936400000,0.654
572940000000,0.547
572943600000,0.394
572947200000,0.198
572950800000,0.015
572954400000,0.0
572958000000,0.0
572961600000,0.0
572965200000,0.0
572968800000,0.0
572972400000,0.0
572976000000,0.0
572979600000,0.0
572983200000,0.0
572986800000,0.0
572990400000,0.0
572994000000,0.0
572997600000,0.065
573001200000,0.253
573004800000,0.457
573008400000,0.621
573012000000,0.715
573015600000,0.759
573019200000,0.752
573022800000,0.694
573026400000,0.582
573030000000,0.412
573033600000,0.205
573037200000,0.015
573040800000,0.0
573044400000,0.0
573048000000,0.0
573051600000,0.0
573055200000,0.0
573058800000,0.0
573062400000,0.0
573066000000,0.0
573069600000,0.0
573073200000,0.0
573076800000,0.0
573080400000,0.0
573084000000,0.075
573087600000,0.285
573091200000,0.492
573094800000,0.628
573098400000,0.716
573102000000,0.751
573105600000,0.74
573109200000,0.681
573112800000,0.578
573116400000,0.419
573120000000,0.211
573123600000,0.017
573127200000,0.0
573130800000,0.0
573134400000,0.0
573138000000,0.0
573141600000,0.0
573145200000,0.0
573148800000,0.0
573152400000,0.0
573156000000,0.0
573159600000,0.0
573163200000,0.0
573166800000,0.0
573170400000,0.079
573174000000,0.291
573177600000,0.479
573181200000,0.619
573184800000,0.696
573188400000,0.751
573192000000,0.748
573195600000,0.693
573199200000,0.572
573202800000,0.398
573206400000,0.192
573210000000,0.013
573213600000,0.0
573217200000,0.0
573220800000,0.0
573224400000,0.0
573228000000,0.0
573231600000,0.0
573235200000,0.0
573238800000,0.0
573242400000,0.0
573246000000,0.0
573249600000,0.0
573253200000,0.0
573256800000,0.083
573260400000,0.305
573264000000,0.495
573267600000,0.632
573271200000,0.714
573274800000,0.752
573278400000,0.744
573282000000,0.688
573285600000,0.579
573289200000,0.416
573292800000,0.213
573296400000,0.015
573300000000,0.0
573303600000,0.0
573307200000,0.0
573310800000,0.0
573314400000,0.0
573318000000,0.0
573321600000,0.0
573325200000,0.0
573328800000,0.0
573332400000,0.0
573336000000,0.0
573339600000,0.0
573343200000,0.089
573346800000,0.313
573350400000,0.506
573354000000,0.646
573357600000,0.732
573361200000,0.767
573364800000,0.754
573368400000,0.695
573372000000,0.582
573375600000,0.418
573379200000,0.212
573382800000,0.015
573386400000,0.0
573390000000,0.0
573393600000,0.0
573397200000,0.0
573400800000,0.0
573404400000,0.0
573408000000,0.0
573411600000,0.0
573415200000,0.0
573418800000,0.0
573422400000,0.0
573426000000,0.0
573429600000,0.085
573433200000,0.3
573436800000,0.487
573440400000,0.621
573444000000,0.702
573447600000,0.732
573451200000,0.735
573454800000,0.678
573458400000,0.572
573462000000,0.415
573465600000,0.208
573469200000,0.018
573472800000,0.0
573476400000,0.0
573480000000,0.0
573483600000,0.0
573487200000,0.0
573490800000,0.0
573494400000,0.0
573498000000,0.0
573501600000,0.0
573505200000,0.0
573508800000,0.0
573512400000,0.0
573516000000,0.083
573519600000,0.297
573523200000,0.486
573526800000,0.628
573530400000,0.728
573534000000,0.761
573537600000,0.751
573541200000,0.689
573544800000,0.581
573548400000,0.421
573552000000,0.211
573555600000,0.021
573559200000,0.0
573562800000,0.0
573566400000,0.0
573570000000,0.0
573573600000,0.0
573577200000,0.0
573580800000,0.0
573584400000,0.0
573588000000,0.0
573591600000,0.0
573595200000,0.0
573598800000,0.0
573602400000,0.077
573606000000,0.291
573609600000,0.482
573613200000,0.631
573616800000,0.715
573620400000,0.75
573624000000,0.742
573627600000,0.689
573631200000,0.587
573634800000,0.432
573638400000,0.225
573642000000,0.023
573645600000,0.0
573649200000,0.0
573652800000,0.0
573656400000,0.0
573660000000,0.0
573663600000,0.0
573667200000,0.0
573670800000,0.0
573674400000,0.0
573678000000,0.0
573681600000,0.0
573685200000,0.0
573688800000,0.088
573692400000,0.3
573696000000,0.482
573699600000,0.639
573703200000,0.724
573706800000,0.757
573710400000,0.747
573714000000,0.684
573717600000,0.571
573721200000,0.403
573724800000,0.197
573728400000,0.017
573732000000,0.0
573735600000,0.0
573739200000,0.0
573742800000,0.0
573746400000,0.0
573750000000,0.0
573753600000,0.0
573757200000,0.0
573760800000,0.0
573764400000,0.0
573768000000,0.0
573771600000,0.0
573775200000,0.048
573778800000,0.176
573782400000,0.279
573786000000,0.343
573789600000,0.416
573793200000,0.469
573796800000,0.486
573800400000,0.472
573804000000,0.407
573807600000,0.288
573811200000,0.142
573814800000,0.012
573818400000,0.0
573822000000,0.0
573825600000,0.0
573829200000,0.0
573832800000,0.0
573836400000,0.0
573840000000,0.0
573843600000,0.0
573847200000,0.0
573850800000,0.0
573854400000,0.0
573858000000,0.0
573861600000,0.076
573865200000,0.25
573868800000,0.423
573872400000,0.554
573876000000,0.651
573879600000,0.709
573883200000,0.696
573886800000,0.637
573890400000,0.523
573894000000,0.37
573897600000,0.191
573901200000,0.02
573904800000,0.0
573908400000,0.0
573912000000,0.0
573915600000,0.0
573919200000,0.0
573922800000,0.0
573926400000,0.0
573930000000,0.0
573933600000,0.0
573937200000,0.0
573940800000,0.0
573944400000,0.0
573948000000,0.083
573951600000,0.287
573955200000,0.485
573958800000,0.62
573962400000,0.697
573966000000,0.726
573969600000,0.725
573973200000,0.676
573976800000,0.568
573980400000,0.41
573984000000,0.204
573987600000,0.021
573991200000,0.0
573994800000,0.0
573998400000,0.0
574002000000,0.0
574005600000,0.0
574009200000,0.0
574012800000,0.0
574016400000,0.0
574020000000,0.0
574023600000,0.0
574027200000,0.0
574030800000,0.0
574034400000,0.087
574038000000,0.301
574041600000,0.488
574045200000,0.609
574048800000,0.701
574052400000,0.729
574056000000,0.723
574059600000,0.661
574063200000,0.542
574066800000,0.388
574070400000,0.199
574074000000,0.018
574077600000,0.0
574081200000,0.0
574084800000,0.0
574088400000,0.0
574092000000,0.0
574095600000,0.0
574099200000,0.0
574102800000,0.0
574106400000,0.0
574110000000,0.0
574113600000,0.0
574117200000,0.0
574120800000,0.084
574124400000,0.285
574128000000,0.49
574131600000,0.628
574135200000,0.712
574138800000,0.748
574142400000,0.737
574146000000,0.679
574149600000,0.57
574153200000,0.411
574156800000,0.205
574160400000,0.017
574164000000,0.0
574167600000,0.0
574171200000,0.0
574174800000,0.0
574178400000,0.0
574182000000,0.0
574185600000,0.0
574189200000,0.0
574192800000,0.0
574196400000,0.0
574200000000,0.0
574203600000,0.0
574207200000,0.084
574210800000,0.295
574214400000,0.481
574218000000,0.614
574221600000,0.701
574225200000,0.731
574228800000,0.727
574232400000,0.67
574236000000,0.563
574239600000,0.407
574243200000,0.209
574246800000,0.023
574250400000,0.0
574254000000,0.0
574257600000,0.0
574261200000,0.0
574264800000,0.0
574268400000,0.0
574272000000,0.0
574275600000,0.0
574279200000,0.0
574282800000,0.0
574286400000,0.0
574290000000,0.0
574293600000,0.078
574297200000,0.282
574300800000,0.494
574304400000,0.64
574308000000,0.73
574311600000,0.767
574315200000,0.756
574318800000,0.699
574322400000,0.591
574326000000,0.434
574329600000,0.23
574333200000,0.028
574336800000,0.0
574340400000,0.0
574344000000,0.0
574347600000,0.0
574351200000,0.0
574354800000,0.0
574358400000,0.0
574362000000,0.0
574365600000,0.0
574369200000,0.0
574372800000,0.0
574376400000,0.0
574380000000,0.088
574383600000,0.309
574387200000,0.484
574390800000,0.633
574394400000,0.714
574398000000,0.753
574401600000,0.748
574405200000,0.69
574408800000,0.589
574412400000,0.425
574416000000,0.205
574419600000,0.023
574423200000,0.0
574426800000,0.0
574430400000,0.0
574434000000,0.0
574437600000,0.0
574441200000,0.0
574444800000,0.0
574448400000,0.0
574452000000,0.0
574455600000,0.0
574459200000,0.0
574462800000,0.0
574466400000,0.086
574470000000,0.285
574473600000,0.493
574477200000,0.622
574480800000,0.712
574484400000,0.749
574488000000,0.745
574491600000,0.683
574495200000,0.583
574498800000,0.429
574502400000,0.229
574506000000,0.025
574509600000,0.0
574513200000,0.0
574516800000,0.0
574520400000,0.0
574524000000,0.0
574527600000,0.0
574531200000,0.0
574534800000,0.0
574538400000,0.0
574542000000,0.0
574545600000,0.0
574549200000,0.0
574552800000,0.088
574556400000,0.311
574560000000,0.505
574563600000,0.636
574567200000,0.733
574570800000,0.769
574574400000,0.753
574578000000,0.698
574581600000,0.59
574585200000,0.428
574588800000,0.227
574592400000,0.028
574596000000,0.0
574599600000,0.0
574603200000,0.0
574606800000,0.0
574610400000,0.0
574614000000,0.0
574617600000,0.0
574621200000,0.0
574624800000,0.0
574628400000,0.0
574632000000,0.0
574635600000,0.0
574639200000,0.087
574642800000,0.281
574646400000,0.482
574650000000,0.647
574653600000,0.74
574657200000,0.776
574660800000,0.765
574664400000,0.707
574668000000,0.598
574671600000,0.437
574675200000,0.233
574678800000,0.027
574682400000,0.0
574686000000,0.0
574689600000,0.0
574693200000,0.0
574696800000,0.0
574700400000,0.0
574704000000,0.0
574707600000,0.0
574711200000,0.0
574714800000,0.0
574718400000,0.0
574722000000,0.0
574725600000,0.093
574729200000,0.313
574732800000,0.501
574736400000,0.636
574740000000,0.722
574743600000,0.767
574747200000,0.759
574750800000,0.702
574754400000,0.593
574758000000,0.433
574761600000,0.219
574765200000,0.028
574768800000,0.0
574772400000,0.0
574776000000,0.0
574779600000,0.0
574783200000,0.0
574786800000,0.0
574790400000,0.0
574794000000,0.0
574797600000,0.0
574801200000,0.0
574804800000,0.0
574808400000,0.0
574812000000,0.085
574815600000,0.309
574819200000,0.496
574822800000,0.63
574826400000,0.712
574830000000,0.766
574833600000,0.758
574837200000,0.7
574840800000,0.591
574844400000,0.422
574848000000,0.219
574851600000,0.029
574855200000,0.0
574858800000,0.0
574862400000,0.0
574866000000,0.0
574869600000,0.0
574873200000,0.0
574876800000,0.0
574880400000,0.0
574884000000,0.0
574887600000,0.0
574891200000,0.0
574894800000,0.0
574898400000,0.092
574902000000,0.314
574905600000,0.514
574909200000,0.661
574912800000,0.744
574916400000,0.778
574920000000,0.766
574923600000,0.709
574927200000,0.602
574930800000,0.442
574934400000,0.237
574938000000,0.03
574941600000,0.0
574945200000,0.0
574948800000,0.0
574952400000,0.0
574956000000,0.0
574959600000,0.0
574963200000,0.0
574966800000,0.0
574970400000,0.0
574974000000,0.0
574977600000,0.0
574981200000,0.0
574984800000,0.091
574988400000,0.302
574992000000,0.504
574995600000,0.64
574999200000,0.723
575002800000,0.759
575006400000,0.751
575010000000,0.695
575013600000,0.584
575017200000,0.436
575020800000,0.233
575024400000,0.033
575028000000,0.0
575031600000,0.0
575035200000,0.0
575038800000,0.0
575042400000,0.0
575046000000,0.0
575049600000,0.0
575053200000,0.0
575056800000,0.0
575060400000,0.0
575064000000,0.0
575067600000,0.0
575071200000,0.099
575074800000,0.319
575078400000,0.507
575082000000,0.644
575085600000,0.733
575089200000,0.775
575092800000,0.759
575096400000,0.705
575100000000,0.596
575103600000,0.441
575107200000,0.237
575110800000,0.031
575114400000,0.0
575118000000,0.0
575121600000,0.0
575125200000,0.0
575128800000,0.0
575132400000,0.0
575136000000,0.0
575139600000,0.0
575143200000,0.0
575146800000,0.0
575150400000,0.0
575154000000,0.0
575157600000,0.099
575161200000,0.317
575164800000,0.504
575168400000,0.638
575172000000,0.724
575175600000,0.758
575179200000,0.745
575182800000,0.692
575186400000,0.591
575190000000,0.441
575193600000,0.237
575197200000,0.034
575200800000,0.0
575204400000,0.0
575208000000,0.0
575211600000,0.0
575215200000,0.0
575218800000,0.0
575222400000,0.0
575226000000,0.0
575229600000,0.0
575233200000,0.0
575236800000,0.0
575240400000,0.0
575244000000,0.087
575247600000,0.303
575251200000,0.501
575254800000,0.645
575258400000,0.731
575262000000,0.777
575265600000,0.765
575269200000,0.706
575272800000,0.599
575276400000,0.439
575280000000,0.226
575283600000,0.03
575287200000,0.0
575290800000,0.0
575294400000,0.0
575298000000,0.0
575301600000,0.0
575305200000,0.0
575308800000,0.0
575312400000,0.0
575316000000,0.0
575319600000,0.0
575323200000,0.0
575326800000,0.0
575330400000,0.097
575334000000,0.306
575337600000,0.502
575341200000,0.65
575344800000,0.736
575348400000,0.77
575352000000,0.755
575355600000,0.703
575359200000,0.599
575362800000,0.432
575366400000,0.225
575370000000,0.033
575373600000,0.0
575377200000,0.0
575380800000,0.0
575384400000,0.0
575388000000,0.0
575391600000,0.0
575395200000,0.0
575398800000,0.0
575402400000,0.0
575406000000,0.0
575409600000,0.0
575413200000,0.0
575416800000,0.105
575420400000,0.328
575424000000,0.513
575427600000,0.648
575431200000,0.731
575434800000,0.764
575438400000,0.757
575442000000,0.707
575445600000,0.601
575449200000,0.444
575452800000,0.239
575456400000,0.035
575460000000,0.0
575463600000,0.0
575467200000,0.0
575470800000,0.0
575474400000,0.0
575478000000,0.0
575481600000,0.0
575485200000,0.0
575488800000,0.0
575492400000,0.0
575496000000,0.0
575499600000,0.0
575503200000,0.113
575506800000,0.336
575510400000,0.525
575514000000,0.659
575517600000,0.741
575521200000,0.776
575524800000,0.765
575528400000,0.707
575532000000,0.598
575535600000,0.43
575539200000,0.22
575542800000,0.031
575546400000,0.0
575550000000,0.0
575553600000,0.0
575557200000,0.0
575560800000,0.0
575564400000,0.0
575568000000,0.0
575571600000,0.0
575575200000,0.0
575578800000,0.0
575582400000,0.0
575586000000,0.0
575589600000,0.112
575593200000,0.332
575596800000,0.519
575600400000,0.653
575604000000,0.735
575607600000,0.763
575611200000,0.747
575614800000,0.686
575618400000,0.581
575622000000,0.419
575625600000,0.208
575629200000,0.028
575632800000,0.0
575636400000,0.0
575640000000,0.0
575643600000,0.0
575647200000,0.0
575650800000,0.0
575654400000,0.0
575658000000,0.0
575661600000,0.0
575665200000,0.0
575668800000,0.0
575672400000,0.0
575676000000,0.097
575679600000,0.308
575683200000,0.503
575686800000,0.639
575690400000,0.72
575694000000,0.75
575697600000,0.736
575701200000,0.681
575704800000,0.576
575708400000,0.422
575712000000,0.228
575715600000,0.034
575719200000,0.0
575722800000,0.0
575726400000,0.0
575730000000,0.0
575733600000,0.0
575737200000,0.0
575740800000,0.0
575744400000,0.0
575748000000,0.0
575751600000,0.0
575755200000,0.0
575758800000,0.0
575762400000,0.086
575766000000,0.299
575769600000,0.49
575773200000,0.64
575776800000,0.723
575780400000,0.758
575784000000,0.749
575787600000,0.693
575791200000,0.588
575794800000,0.428
575798400000,0.225
575802000000,0.032
575805600000,0.0
575809200000,0.0
575812800000,0.0
575816400000,0.0
575820000000,0.0
575823600000,0.0
575827200000,0.0
575830800000,0.0
575834400000,0.0
575838000000,0.0
575841600000,0.0
575845200000,0.0
575848800000,0.061
575852400000,0.245
575856000000,0.462
575859600000,0.626
575863200000,0.717
575866800000,0.751
575870400000,0.741
575874000000,0.682
575877600000,0.573
575881200000,0.424
575884800000,0.23
575888400000,0.035
575892000000,0.0
575895600000,0.0
575899200000,0.0
575902800000,0.0
575906400000,0.0
575910000000,0.0
575913600000,0.0
575917200000,0.0
575920800000,0.0
575924400000,0.0
575928000000,0.0
575931600000,0.0
575935200000,0.041
575938800000,0.164
575942400000,0.298
575946000000,0.413
575949600000,0.477
575953200000,0.491
575956800000,0.449
575960400000,0.388
575964000000,0.32
575967600000,0.226
575971200000,0.118
575974800000,0.015
575978400000,0.0
575982000000,0.0
575985600000,0.0
575989200000,0.0
575992800000,0.0
575996400000,0.0
576000000000,0.0
576003600000,0.0
576007200000,0.0
576010800000,0.0
576014400000,0.0
576018000000,0.0
576021600000,0.045
576025200000,0.18
576028800000,0.344
576032400000,0.473
576036000000,0.577
576039600000,0.617
576043200000,0.598
576046800000,0.53
576050400000,0.433
576054000000,0.32
576057600000,0.178
576061200000,0.026
576064800000,0.0
576068400000,0.0
576072000000,0.0
576075600000,0.0
576079200000,0.0
576082800000,0.0
576086400000,0.0
576090000000,0.0
576093600000,0.0
576097200000,0.0
576100800000,0.0
576104400000,0.0
576108000000,0.071
576111600000,0.232
576115200000,0.396
576118800000,0.528
576122400000,0.621
576126000000,0.668
576129600000,0.656
576133200000,0.585
576136800000,0.454
576140400000,0.289
576144000000,0.132
576147600000,0.018
576151200000,0.0
576154800000,0.0
576158400000,0.0
576162000000,0.0
576165600000,0.0
576169200000,0.0
576172800000,0.0
576176400000,0.0
576180000000,0.0
576183600000,0.0
576187200000,0.0
576190800000,0.0
576194400000,0.052
576198000000,0.177
576201600000,0.326
576205200000,0.465
576208800000,0.598
576212400000,0.654
576216000000,0.652
576219600000,0.601
576223200000,0.503
576226800000,0.366
576230400000,0.198
576234000000,0.029
576237600000,0.0
576241200000,0.0
576244800000,0.0
576248400000,0.0
576252000000,0.0
576255600000,0.0
576259200000,0.0
576262800000,0.0
576266400000,0.0
576270000000,0.0
576273600000,0.0
576277200000,0.0
576280800000,0.081
576284400000,0.265
576288000000,0.427
576291600000,0.574
576295200000,0.683
576298800000,0.744
576302400000,0.736
576306000000,0.681
576309600000,0.578
576313200000,0.421
576316800000,0.225
576320400000,0.036
576324000000,0.0
576327600000,0.0
576331200000,0.0
576334800000,0.0
576338400000,0.0
576342000000,0.0
576345600000,0.0
576349200000,0.0
576352800000,0.0
576356400000,0.0
576360000000,0.0
576363600000,0.0
576367200000,0.077
576370800000,0.231
576374400000,0.398
576378000000,0.558
576381600000,0.672
576385200000,0.722
576388800000,0.719
576392400000,0.666
576396000000,0.563
576399600000,0.412
576403200000,0.217
576406800000,0.033
576410400000,0.0
576414000000,0.0
576417600000,0.0
576421200000,0.0
576424800000,0.0
576428400000,0.0
576432000000,0.0
576435600000,0.0
576439200000,0.0
576442800000,0.0
576446400000,0.0
576450000000,0.0
576453600000,0.063
576457200000,0.218
576460800000,0.37
576464400000,0.493
576468000000,0.582
576471600000,0.64
576475200000,0.649
576478800000,0.604
576482400000,0.51
576486000000,0.378
576489600000,0.207
576493200000,0.034
576496800000,0.0
576500400000,0.0
576504000000,0.0
576507600000,0.0
576511200000,0.0
576514800000,0.0
576518400000,0.0
576522000000,0.0
576525600000,0.0
576529200000,0.0
576532800000,0.0
576536400000,0.0
576540000000,0.06
576543600000,0.204
576547200000,0.359
576550800000,0.505
576554400000,0.6
576558000000,0.639
576561600000,0.655
576565200000,0.622
576568800000,0.518
576572400000,0.36
576576000000,0.186
576579600000,0.026
576583200000,0.0
576586800000,0.0
576590400000,0.0
576594000000,0.0
576597600000,0.0
576601200000,0.0
576604800000,0.0
576608400000,0.0
576612000000,0.0
576615600000,0.0
576619200000,0.0
576622800000,0.0
576626400000,0.036
576630000000,0.147
576633600000,0.265
576637200000,0.393
576640800000,0.509
576644400000,0.55
576648000000,0.548
576651600000,0.503
576655200000,0.441
576658800000,0.312
576662400000,0.161
576666000000,0.022
576669600000,0.0
576673200000,0.0
576676800000,0.0
576680400000,0.0
576684000000,0.0
576687600000,0.0
576691200000,0.0
576694800000,0.0
576698400000,0.0
576702000000,0.0
576705600000,0.0
576709200000,0.0
576712800000,0.064
576716400000,0.201
576720000000,0.335
576723600000,0.449
576727200000,0.513
576730800000,0.537
576734400000,0.476
576738000000,0.423
576741600000,0.338
576745200000,0.217
576748800000,0.106
576752400000,0.014
576756000000,0.0
576759600000,0.0
576763200000,0.0
576766800000,0.0
576770400000,0.0
576774000000,0.0
576777600000,0.0
576781200000,0.0
576784800000,0.0
576788400000,0.0
576792000000,0.0
576795600000,0.0
576799200000,0.06
576802800000,0.211
576806400000,0.374
576810000000,0.462
576813600000,0.553
576817200000,0.592
576820800000,0.57
576824400000,0.518
576828000000,0.404
576831600000,0.254
576835200000,0.105
576838800000,0.012
576842400000,0.0
576846000000,0.0
576849600000,0.0
576853200000,0.0
576856800000,0.0
576860400000,0.0
576864000000,0.0
576867600000,0.0
576871200000,0.0
576874800000,0.0
576878400000,0.0
576882000000,0.0
576885600000,0.042
576889200000,0.144
576892800000,0.281
576896400000,0.423
576900000000,0.529
576903600000,0.572
576907200000,0.557
576910800000,0.526
576914400000,0.454
576918000000,0.349
576921600000,0.201
576925200000,0.035
576928800000,0.0
576932400000,0.0
576936000000,0.0
576939600000,0.0
576943200000,0.0
576946800000,0.0
576950400000,0.0
576954000000,0.0
576957600000,0.0
576961200000,0.0
576964800000,0.0
576968400000,0.0
576972000000,0.084
576975600000,0.275
576979200000,0.441
576982800000,0.569
576986400000,0.633
576990000000,0.652
576993600000,0.615
576997200000,0.516
577000800000,0.386
577004400000,0.27
577008000000,0.144
577011600000,0.023
577015200000,0.0
577018800000,0.0
577022400000,0.0
577026000000,0.0
577029600000,0.0
577033200000,0.0
577036800000,0.0
577040400000,0.0
577044000000,0.0
577047600000,0.0
577051200000,0.0
577054800000,0.0
577058400000,0.079
577062000000,0.247
577065600000,0.409
577069200000,0.511
577072800000,0.569
577076400000,0.583
577080000000,0.558
577083600000,0.443
577087200000,0.299
577090800000,0.172
577094400000,0.079
577098000000,0.01
577101600000,0.0
577105200000,0.0
577108800000,0.0
577112400000,0.0
577116000000,0.0
577119600000,0.0
577123200000,0.0
577126800000,0.0
577130400000,0.0
577134000000,0.0
577137600000,0.0
577141200000,0.0
577144800000,0.092
577148400000,0.274
577152000000,0.444
577155600000,0.573
577159200000,0.662
577162800000,0.703
577166400000,0.698
577170000000,0.647
577173600000,0.548
577177200000,0.403
577180800000,0.223
577184400000,0.042
577188000000,0.0
577191600000,0.0
577195200000,0.0
577198800000,0.0
577202400000,0.0
577206000000,0.0
577209600000,0.0
577213200000,0.0
577216800000,0.0
577220400000,0.0
577224000000,0.0
577227600000,0.0
577231200000,0.089
577234800000,0.282
577238400000,0.486
577242000000,0.628
577245600000,0.721
577249200000,0.756
577252800000,0.743
577256400000,0.672
577260000000,0.571
577263600000,0.4
577267200000,0.209
577270800000,0.038
577274400000,0.0
577278000000,0.0
577281600000,0.0
577285200000,0.0
577288800000,0.0
577292400000,0.0
577296000000,0.0
577299600000,0.0
577303200000,0.0
577306800000,0.0
577310400000,0.0
577314000000,0.0
577317600000,0.095
577321200000,0.288
577324800000,0.428
577328400000,0.531
577332000000,0.586
577335600000,0.62
577339200000,0.586
577342800000,0.518
577346400000,0.424
577350000000,0.282
577353600000,0.134
577357200000,0.025
577360800000,0.0
577364400000,0.0
577368000000,0.0
577371600000,0.0
577375200000,0.0
577378800000,0.0
577382400000,0.0
577386000000,0.0
577389600000,0.0
577393200000,0.0
577396800000,0.0
577400400000,0.0
577404000000,0.109
577407600000,0.3
577411200000,0.46
577414800000,0.581
577418400000,0.668
577422000000,0.705
577425600000,0.697
577429200000,0.642
577432800000,0.54
577436400000,0.383
577440000000,0.199
577443600000,0.037
577447200000,0.0
577450800000,0.0
577454400000,0.0
577458000000,0.0
577461600000,0.0
577465200000,0.0
577468800000,0.0
577472400000,0.0
577476000000,0.0
577479600000,0.0
577483200000,0.0
577486800000,0.0
577490400000,0.087
577494000000,0.266
577497600000,0.426
577501200000,0.564
577504800000,0.643
577508400000,0.683
577512000000,0.666
577515600000,0.62
577519200000,0.523
577522800000,0.385
577526400000,0.204
577530000000,0.034
577533600000,0.0
577537200000,0.0
577540800000,0.0
577544400000,0.0
577548000000,0.0
577551600000,0.0
577555200000,0.0
577558800000,0.0
577562400000,0.0
577566000000,0.0
577569600000,0.0
577573200000,0.0
577576800000,0.042
577580400000,0.137
577584000000,0.24
577587600000,0.34
577591200000,0.423
577594800000,0.491
577598400000,0.518
577602000000,0.466
577605600000,0.372
577609200000,0.263
577612800000,0.128
577616400000,0.022
577620000000,0.0
577623600000,0.0
577627200000,0.0
577630800000,0.0
577634400000,0.0
577638000000,0.0
577641600000,0.0
577645200000,0.0
577648800000,0.0
577652400000,0.0
577656000000,0.0
577659600000,0.0
577663200000,0.069
577666800000,0.224
577670400000,0.384
577674000000,0.512
577677600000,0.585
577681200000,0.624
577684800000,0.627
577688400000,0.584
577692000000,0.489
577695600000,0.349
577699200000,0.186
577702800000,0.034
577706400000,0.0
577710000000,0.0
577713600000,0.0
577717200000,0.0
577720800000,0.0
577724400000,0.0
577728000000,0.0
577731600000,0.0
577735200000,0.0
577738800000,0.0
577742400000,0.0
577746000000,0.0
577749600000,0.075
577753200000,0.221
577756800000,0.387
577760400000,0.532
577764000000,0.628
577767600000,0.663
577771200000,0.641
577774800000,0.575
577778400000,0.481
577782000000,0.34
577785600000,0.172
577789200000,0.032
577792800000,0.0
577796400000,0.0
577800000000,0.0
577803600000,0.0
577807200000,0.0
577810800000,0.0
577814400000,0.0
577818000000,0.0
577821600000,0.0
577825200000,0.0
577828800000,0.0
577832400000,0.0
577836000000,0.05
577839600000,0.158
577843200000,0.287
577846800000,0.401
577850400000,0.467
577854000000,0.471
577857600000,0.453
577861200000,0.422
577864800000,0.345
577868400000,0.236
577872000000,0.12
577875600000,0.02
577879200000,0.0
577882800000,0.0
577886400000,0.0
577890000000,0.0
577893600000,0.0
577897200000,0.0
577900800000,0.0
577904400000,0.0
577908000000,0.0
577911600000,0.0
577915200000,0.0
577918800000,0.0
577922400000,0.063
577926000000,0.168
577929600000,0.249
577933200000,0.312
577936800000,0.346
577940400000,0.344
577944000000,0.321
577947600000,0.274
577951200000,0.211
577954800000,0.151
577958400000,0.086
577962000000,0.013
577965600000,0.0
577969200000,0.0
577972800000,0.0
577976400000,0.0
577980000000,0.0
577983600000,0.0
577987200000,0.0
577990800000,0.0
577994400000,0.0
577998000000,0.0
578001600000,0.0
578005200000,0.0
578008800000,0.07
578012400000,0.205
578016000000,0.336
578019600000,0.413
578023200000,0.488
578026800000,0.493
578030400000,0.492
578034000000,0.466
578037600000,0.396
578041200000,0.298
578044800000,0.164
578048400000,0.033
578052000000,0.0
578055600000,0.0
578059200000,0.0
578062800000,0.0
578066400000,0.0
578070000000,0.0
578073600000,0.0
578077200000,0.0
578080800000,0.0
578084400000,0.0
578088000000,0.0
578091600000,0.0
578095200000,0.05
578098800000,0.157
578102400000,0.322
578106000000,0.495
578109600000,0.613
578113200000,0.671
578116800000,0.677
578120400000,0.633
578124000000,0.512
578127600000,0.342
578131200000,0.199
578134800000,0.045
578138400000,0.0
578142000000,0.0
578145600000,0.0
578149200000,0.0
578152800000,0.0
578156400000,0.0
578160000000,0.0
578163600000,0.0
578167200000,0.0
578170800000,0.0
578174400000,0.0
578178000000,0.0
578181600000,0.077
578185200000,0.238
578188800000,0.403
578192400000,0.529
578196000000,0.634
578199600000,0.671
578203200000,0.66
578206800000,0.598
578210400000,0.493
578214000000,0.353
578217600000,0.183
578221200000,0.035
578224800000,0.0
578228400000,0.0
578232000000,0.0
578235600000,0.0
578239200000,0.0
578242800000,0.0
578246400000,0.0
578250000000,0.0
578253600000,0.0
578257200000,0.0
578260800000,0.0
578264400000,0.0
578268000000,0.092
578271600000,0.267
578275200000,0.442
578278800000,0.55
578282400000,0.64
578286000000,0.688
578289600000,0.691
578293200000,0.626
578296800000,0.524
578300400000,0.343
578304000000,0.177
578307600000,0.035
578311200000,0.0
578314800000,0.0
578318400000,0.0
578322000000,0.0
578325600000,0.0
578329200000,0.0
578332800000,0.0
578336400000,0.0
578340000000,0.0
578343600000,0.0
578347200000,0.0
578350800000,0.0
578354400000,0.071
578358000000,0.195
578361600000,0.32
578365200000,0.441
578368800000,0.54
578372400000,0.601
578376000000,0.615
578379600000,0.571
578383200000,0.48
578386800000,0.367
578390400000,0.184
578394000000,0.039
578397600000,0.0
578401200000,0.0
578404800000,0.0
578408400000,0.0
578412000000,0.0
578415600000,0.0
578419200000,0.0
578422800000,0.0
578426400000,0.0
578430000000,0.0
578433600000,0.0
578437200000,0.0
578440800000,0.095
578444400000,0.266
578448000000,0.423
578451600000,0.556
578455200000,0.643
578458800000,0.678
578462400000,0.666
578466000000,0.595
578469600000,0.487
578473200000,0.326
578476800000,0.176
578480400000,0.038
578484000000,0.0
578487600000,0.0
578491200000,0.0
578494800000,0.0
578498400000,0.0
578502000000,0.0
578505600000,0.0
578509200000,0.0
578512800000,0.0
578516400000,0.0
578520000000,0.0
578523600000,0.0
578527200000,0.127
578530800000,0.329
578534400000,0.505
578538000000,0.634
578541600000,0.714
578545200000,0.749
578548800000,0.739
578552400000,0.686
578556000000,0.587
578559600000,0.44
578563200000,0.249
578566800000,0.051
578570400000,0.0
578574000000,0.0
578577600000,0.0
578581200000,0.0
578584800000,0.0
578588400000,0.0
578592000000,0.0
578595600000,0.0
578599200000,0.0
578602800000,0.0
578606400000,0.0
578610000000,0.0
578613600000,0.118
578617200000,0.307
578620800000,0.494
578624400000,0.628
578628000000,0.707
578631600000,0.74
578635200000,0.728
578638800000,0.67
578642400000,0.572
578646000000,0.428
578649600000,0.244
578653200000,0.053
578656800000,0.0
578660400000,0.0
578664000000,0.0
578667600000,0.0
578671200000,0.0
578674800000,0.0
578678400000,0.0
578682000000,0.0
578685600000,0.0
578689200000,0.0
578692800000,0.0
578696400000,0.0
578700000000,0.102
578703600000,0.29
578707200000,0.466
578710800000,0.597
578714400000,0.679
578718000000,0.715
578721600000,0.706
578725200000,0.65
578728800000,0.557
578732400000,0.412
578736000000,0.21
578739600000,0.044
578743200000,0.0
578746800000,0.0
578750400000,0.0
578754000000,0.0
578757600000,0.0
578761200000,0.0
578764800000,0.0
578768400000,0.0
578772000000,0.0
578775600000,0.0
578779200000,0.0
578782800000,0.0
578786400000,0.097
578790000000,0.282
578793600000,0.466
578797200000,0.608
578800800000,0.702
578804400000,0.742
578808000000,0.732
578811600000,0.677
578815200000,0.576
578818800000,0.428
578822400000,0.243
578826000000,0.054
578829600000,0.0
578833200000,0.0
578836800000,0.0
578840400000,0.0
578844000000,0.0
578847600000,0.0
578851200000,0.0
578854800000,0.0
578858400000,0.0
578862000000,0.0
578865600000,0.0
578869200000,0.0
578872800000,0.127
578876400000,0.326
578880000000,0.498
578883600000,0.623
578887200000,0.7
578890800000,0.732
578894400000,0.722
578898000000,0.668
578901600000,0.569
578905200000,0.413
578908800000,0.226
578912400000,0.05
578916000000,0.0
578919600000,0.0
578923200000,0.0
578926800000,0.0
578930400000,0.0
578934000000,0.0
578937600000,0.0
578941200000,0.0
578944800000,0.0
578948400000,0.0
578952000000,0.0
578955600000,0.0
578959200000,0.07
578962800000,0.198
578966400000,0.277
578970000000,0.34
578973600000,0.386
578977200000,0.407
578980800000,0.42
578984400000,0.407
578988000000,0.366
578991600000,0.27
578995200000,0.136
578998800000,0.022
579002400000,0.0
579006000000,0.0
579009600000,0.0
579013200000,0.0
579016800000,0.0
579020400000,0.0
579024000000,0.0
579027600000,0.0
579031200000,0.0
579034800000,0.0
579038400000,0.0
579042000000,0.0
579045600000,0.071
579049200000,0.2
579052800000,0.332
579056400000,0.433
579060000000,0.503
579063600000,0.543
579067200000,0.551
579070800000,0.497
579074400000,0.428
579078000000,0.311
579081600000,0.157
579085200000,0.027
579088800000,0.0
579092400000,0.0
579096000000,0.0
579099600000,0.0
579103200000,0.0
579106800000,0.0
579110400000,0.0
579114000000,0.0
579117600000,0.0
579121200000,0.0
579124800000,0.0
579128400000,0.0
579132000000,0.053
579135600000,0.152
579139200000,0.245
579142800000,0.309
579146400000,0.353
579150000000,0.376
579153600000,0.378
579157200000,0.373
579160800000,0.33
579164400000,0.235
579168000000,0.12
579171600000,0.023
579175200000,0.0
579178800000,0.0
579182400000,0.0
579186000000,0.0
579189600000,0.0
579193200000,0.0
579196800000,0.0
579200400000,0.0
579204000000,0.0
579207600000,0.0
579211200000,0.0
579214800000,0.0
579218400000,0.04
579222000000,0.133
579225600000,0.24
579229200000,0.334
579232800000,0.427
579236400000,0.484
579240000000,0.516
579243600000,0.493
579247200000,0.434
579250800000,0.319
579254400000,0.18
579258000000,0.037
579261600000,0.0
579265200000,0.0
579268800000,0.0
579272400000,0.0
579276000000,0.0
579279600000,0.0
579283200000,0.0
579286800000,0.0
579290400000,0.0
579294000000,0.0
579297600000,0.0
579301200000,0.0
579304800000,0.101
579308400000,0.266
579312000000,0.405
579315600000,0.524
579319200000,0.6
579322800000,0.629
579326400000,0.607
579330000000,0.55
579333600000,0.463
579337200000,0.342
579340800000,0.186
579344400000,0.042
579348000000,0.0
579351600000,0.0
579355200000,0.0
579358800000,0.0
579362400000,0.0
579366000000,0.0
579369600000,0.0
579373200000,0.0
579376800000,0.0
579380400000,0.0
579384000000,0.0
579387600000,0.0
579391200000,0.093
579394800000,0.227
579398400000,0.324
579402000000,0.415
579405600000,0.485
579409200000,0.536
579412800000,0.567
579416400000,0.551
579420000000,0.472
579423600000,0.338
579427200000,0.171
579430800000,0.033
579434400000,0.0
579438000000,0.0
579441600000,0.0
579445200000,0.0
579448800000,0.0
579452400000,0.0
579456000000,0.0
579459600000,0.0
579463200000,0.0
579466800000,0.0
579470400000,0.0
579474000000,0.0
579477600000,0.048
579481200000,0.146
579484800000,0.241
579488400000,0.319
579492000000,0.366
579495600000,0.39
579499200000,0.356
579502800000,0.293
579506400000,0.226
579510000000,0.162
579513600000,0.084
579517200000,0.015
579520800000,0.0
579524400000,0.0
579528000000,0.0
579531600000,0.0
579535200000,0.0
579538800000,0.0
579542400000,0.0
579546000000,0.0
579549600000,0.0
579553200000,0.0
579556800000,0.0
579560400000,0.0
579564000000,0.023
579567600000,0.083
579571200000,0.155
579574800000,0.202
579578400000,0.25
579582000000,0.281
579585600000,0.275
579589200000,0.232
579592800000,0.159
579596400000,0.103
579600000000,0.05
579603600000,0.006
579607200000,0.0
579610800000,0.0
579614400000,0.0
579618000000,0.0
579621600000,0.0
579625200000,0.0
579628800000,0.0
579632400000,0.0
579636000000,0.0
579639600000,0.0
579643200000,0.0
579646800000,0.0
579650400000,0.075
579654000000,0.211
579657600000,0.333
579661200000,0.441
579664800000,0.511
579668400000,0.538
579672000000,0.536
579675600000,0.481
579679200000,0.391
579682800000,0.264
579686400000,0.131
579690000000,0.027
579693600000,0.0
579697200000,0.0
579700800000,0.0
579704400000,0.0
579708000000,0.0
579711600000,0.0
579715200000,0.0
579718800000,0.0
579722400000,0.0
579726000000,0.0
579729600000,0.0
579733200000,0.0
579736800000,0.05
579740400000,0.13
579744000000,0.205
579747600000,0.252
579751200000,0.292
579754800000,0.295
579758400000,0.278
579762000000,0.232
579765600000,0.175
579769200000,0.114
579772800000,0.052
579776400000,0.006
579780000000,0.0
579783600000,0.0
579787200000,0.0
579790800000,0.0
579794400000,0.0
579798000000,0.0
579801600000,0.0
579805200000,0.0
579808800000,0.0
579812400000,0.0
579816000000,0.0
579819600000,0.0
579823200000,0.047
579826800000,0.145
579830400000,0.264
579834000000,0.388
579837600000,0.483
579841200000,0.537
579844800000,0.541
579848400000,0.491
579852000000,0.368
579855600000,0.232
579859200000,0.123
579862800000,0.024
579866400000,0.0
579870000000,0.0
579873600000,0.0
579877200000,0.0
579880800000,0.0
579884400000,0.0
579888000000,0.0
579891600000,0.0
579895200000,0.0
579898800000,0.0
579902400000,0.0
579906000000,0.0
579909600000,0.092
579913200000,0.241
579916800000,0.372
579920400000,0.48
579924000000,0.577
579927600000,0.626
579931200000,0.637
579934800000,0.603
579938400000,0.52
579942000000,0.382
579945600000,0.212
579949200000,0.048
579952800000,0.0
579956400000,0.0
579960000000,0.0
579963600000,0.0
579967200000,0.0
579970800000,0.0
579974400000,0.0
579978000000,0.0
579981600000,0.0
579985200000,0.0
579988800000,0.0
579992400000,0.0
579996000000,0.123
579999600000,0.294
580003200000,0.442
580006800000,0.557
580010400000,0.639
580014000000,0.679
580017600000,0.676
580021200000,0.629
580024800000,0.531
580028400000,0.398
580032000000,0.219
580035600000,0.048
580039200000,0.0
580042800000,0.0
580046400000,0.0
580050000000,0.0
580053600000,0.0
580057200000,0.0
580060800000,0.0
580064400000,0.0
580068000000,0.0
580071600000,0.0
580075200000,0.0
580078800000,0.0
580082400000,0.122
580086000000,0.295
580089600000,0.449
580093200000,0.573
580096800000,0.648
580100400000,0.672
580104000000,0.653
580107600000,0.587
580111200000,0.496
580114800000,0.345
580118400000,0.188
580122000000,0.039
580125600000,0.0
580129200000,0.0
580132800000,0.0
580136400000,0.0
580140000000,0.0
580143600000,0.0
580147200000,0.0
580150800000,0.0
580154400000,0.0
580158000000,0.0
580161600000,0.0
580165200000,0.0
580168800000,0.07
580172400000,0.186
580176000000,0.32
580179600000,0.462
580183200000,0.596
580186800000,0.642
580190400000,0.632
580194000000,0.582
580197600000,0.46
580201200000,0.307
580204800000,0.144
580208400000,0.029
580212000000,0.0
580215600000,0.0
580219200000,0.0
580222800000,0.0
580226400000,0.0
580230000000,0.0
580233600000,0.0
580237200000,0.0
580240800000,0.0
580244400000,0.0
580248000000,0.0
580251600000,0.0
580255200000,0.097
580258800000,0.249
580262400000,0.362
580266000000,0.454
580269600000,0.509
580273200000,0.537
580276800000,0.536
580280400000,0.497
580284000000,0.409
580287600000,0.266
580291200000,0.141
580294800000,0.035
580298400000,0.0
580302000000,0.0
580305600000,0.0
580309200000,0.0
580312800000,0.0
580316400000,0.0
580320000000,0.0
580323600000,0.0
580327200000,0.0
580330800000,0.0
580334400000,0.0
580338000000,0.0
580341600000,0.067
580345200000,0.18
580348800000,0.273
580352400000,0.348
580356000000,0.411
580359600000,0.448
580363200000,0.434
580366800000,0.361
580370400000,0.255
580374000000,0.167
580377600000,0.086
580381200000,0.018
580384800000,0.0
580388400000,0.0
580392000000,0.0
580395600000,0.0
580399200000,0.0
580402800000,0.0
580406400000,0.0
580410000000,0.0
580413600000,0.0
580417200000,0.0
580420800000,0.0
580424400000,0.0
580428000000,0.05
580431600000,0.143
580435200000,0.222
580438800000,0.272
580442400000,0.304
580446000000,0.334
580449600000,0.351
580453200000,0.334
580456800000,0.278
580460400000,0.188
580464000000,0.102
580467600000,0.025
580471200000,0.0
580474800000,0.0
580478400000,0.0
580482000000,0.0
580485600000,0.0
580489200000,0.0
580492800000,0.0
580496400000,0.0
580500000000,0.0
580503600000,0.0
580507200000,0.0
580510800000,0.0
580514400000,0.044
580518000000,0.123
580521600000,0.201
580525200000,0.286
580528800000,0.34
580532400000,0.308
580536000000,0.286
580539600000,0.257
580543200000,0.223
580546800000,0.179
580550400000,0.1
580554000000,0.021
580557600000,0.0
580561200000,0.0
580564800000,0.0
580568400000,0.0
580572000000,0.0
580575600000,0.0
580579200000,0.0
580582800000,0.0
580586400000,0.0
580590000000,0.0
580593600000,0.0
580597200000,0.0
580600800000,0.058
580604400000,0.149
580608000000,0.229
580611600000,0.294
580615200000,0.329
580618800000,0.329
580622400000,0.314
580626000000,0.259
580629600000,0.19
580633200000,0.113
580636800000,0.049
580640400000,0.005
580644000000,0.0
580647600000,0.0
580651200000,0.0
580654800000,0.0
580658400000,0.0
580662000000,0.0
580665600000,0.0
580669200000,0.0
580672800000,0.0
580676400000,0.0
580680000000,0.0
580683600000,0.0
580687200000,0.031
580690800000,0.103
580694400000,0.18
580698000000,0.25
580701600000,0.315
580705200000,0.363
580708800000,0.393
580712400000,0.374
580716000000,0.3
580719600000,0.196
580723200000,0.091
580726800000,0.019
580730400000,0.0
580734000000,0.0
580737600000,0.0
580741200000,0.0
580744800000,0.0
580748400000,0.0
580752000000,0.0
580755600000,0.0
580759200000,0.0
580762800000,0.0
580766400000,0.0
580770000000,0.0
580773600000,0.047
580777200000,0.136
580780800000,0.219
580784400000,0.285
580788000000,0.328
580791600000,0.34
580795200000,0.329
580798800000,0.302
580802400000,0.245
580806000000,0.164
580809600000,0.084
580813200000,0.015
580816800000,0.0
580820400000,0.0
580824000000,0.0
580827600000,0.0
580831200000,0.0
580834800000,0.0
580838400000,0.0
580842000000,0.0
580845600000,0.0
580849200000,0.0
580852800000,0.0
580856400000,0.0
580860000000,0.036
580863600000,0.128
580867200000,0.214
580870800000,0.284
580874400000,0.354
580878000000,0.401
580881600000,0.427
580885200000,0.391
580888800000,0.296
580892400000,0.192
580896000000,0.094
580899600000,0.015
580903200000,0.0
580906800000,0.0
580910400000,0.0
580914000000,0.0
580917600000,0.0
580921200000,0.0
580924800000,0.0
580928400000,0.0
580932000000,0.0
580935600000,0.0
580939200000,0.0
580942800000,0.0
580946400000,0.04
580950000000,0.11
580953600000,0.183
580957200000,0.247
580960800000,0.288
580964400000,0.283
580968000000,0.267
580971600000,0.23
580975200000,0.195
580978800000,0.134
580982400000,0.074
580986000000,0.012
580989600000,0.0
580993200000,0.0
580996800000,0.0
581000400000,0.0
581004000000,0.0
581007600000,0.0
581011200000,0.0
581014800000,0.0
581018400000,0.0
581022000000,0.0
581025600000,0.0
581029200000,0.0
581032800000,0.037
581036400000,0.113
581040000000,0.191
581043600000,0.259
581047200000,0.296
581050800000,0.317
581054400000,0.316
581058000000,0.287
581061600000,0.222
581065200000,0.149
581068800000,0.077
581072400000,0.014
581076000000,0.0
581079600000,0.0
581083200000,0.0
581086800000,0.0
581090400000,0.0
581094000000,0.0
581097600000,0.0
581101200000,0.0
581104800000,0.0
581108400000,0.0
581112000000,0.0
581115600000,0.0
581119200000,0.042
581122800000,0.148
581126400000,0.274
581130000000,0.382
581133600000,0.468
581137200000,0.529
581140800000,0.547
581144400000,0.533
581148000000,0.473
581151600000,0.36
581155200000,0.204
581158800000,0.052
581162400000,0.0
581166000000,0.0
581169600000,0.0
581173200000,0.0
581176800000,0.0
581180400000,0.0
581184000000,0.0
581187600000,0.0
581191200000,0.0
581194800000,0.0
581198400000,0.0
581202000000,0.0
581205600000,0.084
581209200000,0.21
581212800000,0.327
581216400000,0.405
581220000000,0.452
581223600000,0.447
581227200000,0.413
581230800000,0.344
581234400000,0.272
581238000000,0.191
581241600000,0.103
581245200000,0.022
581248800000,0.0
581252400000,0.0
581256000000,0.0
581259600000,0.0
581263200000,0.0
581266800000,0.0
581270400000,0.0
581274000000,0.0
581277600000,0.0
581281200000,0.0
581284800000,0.0
581288400000,0.0
581292000000,0.055
581295600000,0.16
581299200000,0.265
581302800000,0.337
581306400000,0.393
581310000000,0.403
581313600000,0.392
581317200000,0.378
581320800000,0.33
581324400000,0.246
581328000000,0.127
581331600000,0.024
581335200000,0.0
581338800000,0.0
581342400000,0.0
581346000000,0.0
581349600000,0.0
581353200000,0.0
581356800000,0.0
581360400000,0.0
581364000000,0.0
581367600000,0.0
581371200000,0.0
581374800000,0.0
581378400000,0.033
581382000000,0.1
581385600000,0.169
581389200000,0.227
581392800000,0.277
581396400000,0.296
581400000000,0.284
581403600000,0.24
581407200000,0.16
581410800000,0.076
581414400000,0.027
581418000000,0.0
581421600000,0.0
581425200000,0.0
581428800000,0.0
581432400000,0.0
581436000000,0.0
581439600000,0.0
581443200000,0.0
581446800000,0.0
581450400000,0.0
581454000000,0.0
581457600000,0.0
581461200000,0.0
581464800000,0.031
581468400000,0.092
581472000000,0.141
581475600000,0.186
581479200000,0.236
581482800000,0.265
581486400000,0.249
581490000000,0.213
581493600000,0.164
581497200000,0.107
581500800000,0.048
581504400000,0.004
581508000000,0.0
581511600000,0.0
581515200000,0.0
581518800000,0.0
581522400000,0.0
581526000000,0.0
581529600000,0.0
581533200000,0.0
581536800000,0.0
581540400000,0.0
581544000000,0.0
581547600000,0.0
581551200000,0.029
581554800000,0.085
581558400000,0.132
581562000000,0.196
581565600000,0.243
581569200000,0.25
581572800000,0.244
581576400000,0.225
581580000000,0.181
581583600000,0.122
581587200000,0.061
581590800000,0.013
581594400000,0.0
581598000000,0.0
581601600000,0.0
581605200000,0.0
581608800000,0.0
581612400000,0.0
581616000000,0.0
581619600000,0.0
581623200000,0.0
581626800000,0.0
581630400000,0.0
581634000000,0.0
581637600000,0.11
581641200000,0.273
581644800000,0.4
581648400000,0.474
581652000000,0.486
581655600000,0.443
581659200000,0.378
581662800000,0.318
581666400000,0.252
581670000000,0.173
581673600000,0.09
581677200000,0.019
581680800000,0.0
581684400000,0.0
581688000000,0.0
581691600000,0.0
581695200000,0.0
581698800000,0.0
581702400000,0.0
581706000000,0.0
581709600000,0.0
581713200000,0.0
581716800000,0.0
581720400000,0.0
581724000000,0.094
581727600000,0.231
581731200000,0.351
581734800000,0.431
581738400000,0.49
581742000000,0.525
581745600000,0.526
581749200000,0.479
581752800000,0.38
581756400000,0.26
581760000000,0.138
581763600000,0.032
581767200000,0.0
581770800000,0.0
581774400000,0.0
581778000000,0.0
581781600000,0.0
581785200000,0.0
581788800000,0.0
581792400000,0.0
581796000000,0.0
581799600000,0.0
581803200000,0.0
581806800000,0.0
581810400000,0.042
581814000000,0.114
581817600000,0.185
581821200000,0.244
581824800000,0.298
581828400000,0.327
581832000000,0.297
581835600000,0.248
581839200000,0.192
581842800000,0.135
581846400000,0.065
581850000000,0.011
581853600000,0.0
581857200000,0.0
581860800000,0.0
581864400000,0.0
581868000000,0.0
581871600000,0.0
581875200000,0.0
581878800000,0.0
581882400000,0.0
581886000000,0.0
581889600000,0.0
581893200000,0.0
581896800000,0.046
581900400000,0.122
581904000000,0.187
581907600000,0.252
581911200000,0.312
581914800000,0.366
581918400000,0.413
581922000000,0.405
581925600000,0.328
581929200000,0.199
581932800000,0.092
581936400000,0.021
581940000000,0.0
581943600000,0.0
581947200000,0.0
581950800000,0.0
581954400000,0.0
581958000000,0.0
581961600000,0.0
581965200000,0.0
581968800000,0.0
581972400000,0.0
581976000000,0.0
581979600000,0.0
581983200000,0.047
581986800000,0.161
581990400000,0.29
581994000000,0.39
581997600000,0.455
582001200000,0.492
582004800000,0.47
582008400000,0.423
582012000000,0.314
582015600000,0.203
582019200000,0.097
582022800000,0.023
582026400000,0.0
582030000000,0.0
582033600000,0.0
582037200000,0.0
582040800000,0.0
582044400000,0.0
582048000000,0.0
582051600000,0.0
582055200000,0.0
582058800000,0.0
582062400000,0.0
582066000000,0.0
582069600000,0.081
582073200000,0.21
582076800000,0.318
582080400000,0.387
582084000000,0.41
582087600000,0.397
582091200000,0.383
582094800000,0.339
582098400000,0.266
582102000000,0.175
582105600000,0.092
582109200000,0.019
582112800000,0.0
582116400000,0.0
582120000000,0.0
582123600000,0.0
582127200000,0.0
582130800000,0.0
582134400000,0.0
582138000000,0.0
582141600000,0.0
582145200000,0.0
582148800000,0.0
582152400000,0.0
582156000000,0.098
582159600000,0.231
582163200000,0.339
582166800000,0.453
582170400000,0.537
582174000000,0.569
582177600000,0.551
582181200000,0.45
582184800000,0.312
582188400000,0.2
582192000000,0.103
582195600000,0.025
582199200000,0.0
582202800000,0.0
582206400000,0.0
582210000000,0.0
582213600000,0.0
582217200000,0.0
582220800000,0.0
582224400000,0.0
582228000000,0.0
582231600000,0.0
582235200000,0.0
582238800000,0.0
582242400000,0.072
582246000000,0.179
582249600000,0.237
582253200000,0.285
582256800000,0.319
582260400000,0.347
582264000000,0.353
582267600000,0.334
582271200000,0.275
582274800000,0.199
582278400000,0.105
582282000000,0.025
582285600000,0.0
582289200000,0.0
582292800000,0.0
582296400000,0.0
582300000000,0.0
582303600000,0.0
582307200000,0.0
582310800000,0.0
582314400000,0.0
582318000000,0.0
582321600000,0.0
582325200000,0.0
582328800000,0.022
582332400000,0.083
582336000000,0.168
582339600000,0.268
582343200000,0.352
582346800000,0.407
582350400000,0.431
582354000000,0.418
582357600000,0.367
582361200000,0.287
582364800000,0.174
582368400000,0.049
582372000000,0.0
582375600000,0.0
582379200000,0.0
582382800000,0.0
582386400000,0.0
582390000000,0.0
582393600000,0.0
582397200000,0.0
582400800000,0.0
582404400000,0.0
582408000000,0.0
582411600000,0.0
582415200000,0.047
582418800000,0.12
582422400000,0.19
582426000000,0.293
582429600000,0.359
582433200000,0.393
582436800000,0.395
582440400000,0.346
582444000000,0.279
582447600000,0.195
582451200000,0.097
582454800000,0.013
582458400000,0.0
582462000000,0.0
582465600000,0.0
582469200000,0.0
582472800000,0.0
582476400000,0.0
582480000000,0.0
582483600000,0.0
582487200000,0.0
582490800000,0.0
582494400000,0.0
582498000000,0.0
582501600000,0.058
582505200000,0.176
582508800000,0.312
582512400000,0.45
582516000000,0.538
582519600000,0.586
582523200000,0.593
582526800000,0.55
582530400000,0.441
582534000000,0.305
582537600000,0.17
582541200000,0.047
582544800000,0.0
582548400000,0.0
582552000000,0.0
582555600000,0.0
582559200000,0.0
582562800000,0.0
582566400000,0.0
582570000000,0.0
582573600000,0.0
582577200000,0.0
582580800000,0.0
582584400000,0.0
582588000000,0.113
582591600000,0.281
582595200000,0.431
582598800000,0.531
582602400000,0.583
582606000000,0.595
582609600000,0.566
582613200000,0.516
582616800000,0.423
582620400000,0.305
582624000000,0.186
582627600000,0.049
582631200000,0.0
582634800000,0.0
582638400000,0.0
582642000000,0.0
582645600000,0.0
582649200000,0.0
582652800000,0.0
582656400000,0.0
582660000000,0.0
582663600000,0.0
582667200000,0.0
582670800000,0.0
582674400000,0.051
582678000000,0.145
582681600000,0.247
582685200000,0.309
582688800000,0.362
582692400000,0.396
582696000000,0.4
582699600000,0.391
582703200000,0.348
582706800000,0.264
582710400000,0.155
582714000000,0.038
582717600000,0.0
582721200000,0.0
582724800000,0.0
582728400000,0.0
582732000000,0.0
582735600000,0.0
582739200000,0.0
582742800000,0.0
582746400000,0.0
582750000000,0.0
582753600000,0.0
582757200000,0.0
582760800000,0.11
582764400000,0.271
582768000000,0.379
582771600000,0.489
582775200000,0.539
582778800000,0.544
582782400000,0.51
582786000000,0.444
582789600000,0.344
582793200000,0.232
582796800000,0.13
582800400000,0.028
582804000000,0.0
582807600000,0.0
582811200000,0.0
582814800000,0.0
582818400000,0.0
582822000000,0.0
582825600000,0.0
582829200000,0.0
582832800000,0.0
582836400000,0.0
582840000000,0.0
582843600000,0.0
582847200000,0.123
582850800000,0.298
582854400000,0.452
582858000000,0.573
582861600000,0.646
582865200000,0.656
582868800000,0.596
582872400000,0.504
582876000000,0.398
582879600000,0.271
582883200000,0.151
582886800000,0.043
582890400000,0.0
582894000000,0.0
582897600000,0.0
582901200000,0.0
582904800000,0.0
582908400000,0.0
582912000000,0.0
582915600000,0.0
582919200000,0.0
582922800000,0.0
582926400000,0.0
582930000000,0.0
582933600000,0.024
582937200000,0.079
582940800000,0.149
582944400000,0.218
582948000000,0.276
582951600000,0.318
582955200000,0.333
582958800000,0.315
582962400000,0.255
582966000000,0.174
582969600000,0.094
582973200000,0.022
582976800000,0.0
582980400000,0.0
582984000000,0.0
582987600000,0.0
582991200000,0.0
582994800000,0.0
582998400000,0.0
583002000000,0.0
583005600000,0.0
583009200000,0.0
583012800000,0.0
583016400000,0.0
583020000000,0.024
583023600000,0.087
583027200000,0.159
583030800000,0.223
583034400000,0.27
583038000000,0.311
583041600000,0.296
583045200000,0.264
583048800000,0.2
583052400000,0.136
583056000000,0.063
583059600000,0.01
583063200000,0.0
583066800000,0.0
583070400000,0.0
583074000000,0.0
583077600000,0.0
583081200000,0.0
583084800000,0.0
583088400000,0.0
583092000000,0.0
583095600000,0.0
583099200000,0.0
583102800000,0.0
583106400000,0.034
583110000000,0.106
583113600000,0.197
583117200000,0.274
583120800000,0.32
583124400000,0.34
583128000000,0.361
583131600000,0.356
583135200000,0.319
583138800000,0.25
583142400000,0.146
583146000000,0.036
583149600000,0.0
583153200000,0.0
583156800000,0.0
583160400000,0.0
583164000000,0.0
583167600000,0.0
583171200000,0.0
583174800000,0.0
583178400000,0.0
583182000000,0.0
583185600000,0.0
583189200000,0.0
583192800000,0.044
583196400000,0.122
583200000000,0.246
583203600000,0.298
583207200000,0.318
583210800000,0.306
583214400000,0.284
583218000000,0.251
583221600000,0.194
583225200000,0.122
583228800000,0.061
583232400000,0.011
583236000000,0.0
583239600000,0.0
583243200000,0.0
583246800000,0.0
583250400000,0.0
583254000000,0.0
583257600000,0.0
583261200000,0.0
583264800000,0.0
583268400000,0.0
583272000000,0.0
583275600000,0.0
583279200000,0.061
583282800000,0.172
583286400000,0.276
583290000000,0.301
583293600000,0.292
583297200000,0.299
583300800000,0.332
583304400000,0.336
583308000000,0.287
583311600000,0.243
583315200000,0.168
583318800000,0.045
583322400000,0.0
583326000000,0.0
583329600000,0.0
583333200000,0.0
583336800000,0.0
583340400000,0.0
583344000000,0.0
583347600000,0.0
583351200000,0.0
583354800000,0.0
583358400000,0.0
583362000000,0.0
583365600000,0.08
583369200000,0.185
583372800000,0.266
583376400000,0.316
583380000000,0.35
583383600000,0.34
583387200000,0.311
583390800000,0.252
583394400000,0.194
583398000000,0.123
583401600000,0.066
583405200000,0.012
583408800000,0.0
583412400000,0.0
583416000000,0.0
583419600000,0.0
583423200000,0.0
583426800000,0.0
583430400000,0.0
583434000000,0.0
583437600000,0.0
583441200000,0.0
583444800000,0.0
583448400000,0.0
583452000000,0.036
583455600000,0.136
583459200000,0.284
583462800000,0.426
583466400000,0.501
583470000000,0.484
583473600000,0.39
583477200000,0.301
583480800000,0.208
583484400000,0.138
583488000000,0.07
583491600000,0.016
583495200000,0.0
583498800000,0.0
583502400000,0.0
583506000000,0.0
583509600000,0.0
583513200000,0.0
583516800000,0.0
583520400000,0.0
583524000000,0.0
583527600000,0.0
583531200000,0.0
583534800000,0.0
583538400000,0.051
583542000000,0.166
583545600000,0.277
583549200000,0.345
583552800000,0.348
583556400000,0.344
583560000000,0.337
583563600000,0.316
583567200000,0.313
583570800000,0.257
583574400000,0.146
583578000000,0.036
583581600000,0.0
583585200000,0.0
583588800000,0.0
583592400000,0.0
583596000000,0.0
583599600000,0.0
583603200000,0.0
583606800000,0.0
583610400000,0.0
583614000000,0.0
583617600000,0.0
583621200000,0.0
583624800000,0.12
583628400000,0.287
583632000000,0.44
583635600000,0.56
583639200000,0.643
583642800000,0.673
583646400000,0.675
583650000000,0.629
583653600000,0.533
583657200000,0.395
583660800000,0.219
583664400000,0.054
583668000000,0.0
583671600000,0.0
583675200000,0.0
583678800000,0.0
583682400000,0.0
583686000000,0.0
583689600000,0.0
583693200000,0.0
583696800000,0.0
583700400000,0.0
583704000000,0.0
583707600000,0.0
583711200000,0.089
583714800000,0.226
583718400000,0.326
583722000000,0.396
583725600000,0.464
583729200000,0.476
583732800000,0.455
583736400000,0.368
583740000000,0.289
583743600000,0.211
583747200000,0.118
583750800000,0.03
583754400000,0.0
583758000000,0.0
583761600000,0.0
583765200000,0.0
583768800000,0.0
583772400000,0.0
583776000000,0.0
583779600000,0.0
583783200000,0.0
583786800000,0.0
583790400000,0.0
583794000000,0.0
583797600000,0.062
583801200000,0.161
583804800000,0.231
583808400000,0.281
583812000000,0.315
583815600000,0.34
583819200000,0.346
583822800000,0.319
583826400000,0.259
583830000000,0.161
583833600000,0.077
583837200000,0.012
583840800000,0.0
583844400000,0.0
583848000000,0.0
583851600000,0.0
583855200000,0.0
583858800000,0.0
583862400000,0.0
583866000000,0.0
583869600000,0.0
583873200000,0.0
583876800000,0.0
583880400000,0.0
583884000000,0.055
583887600000,0.157
583891200000,0.255
583894800000,0.342
583898400000,0.401
583902000000,0.42
583905600000,0.42
583909200000,0.363
583912800000,0.279
583916400000,0.174
583920000000,0.083
583923600000,0.017
583927200000,0.0
583930800000,0.0
583934400000,0.0
583938000000,0.0
583941600000,0.0
583945200000,0.0
583948800000,0.0
583952400000,0.0
583956000000,0.0
583959600000,0.0
583963200000,0.0
583966800000,0.0
583970400000,0.068
583974000000,0.181
583977600000,0.272
583981200000,0.329
583984800000,0.352
583988400000,0.368
583992000000,0.368
583995600000,0.317
583999200000,0.251
584002800000,0.168
584006400000,0.084
584010000000,0.013
584013600000,0.0
584017200000,0.0
584020800000,0.0
584024400000,0.0
584028000000,0.0
584031600000,0.0
584035200000,0.0
584038800000,0.0
584042400000,0.0
584046000000,0.0
584049600000,0.0
584053200000,0.0
584056800000,0.059
584060400000,0.174
584064000000,0.283
584067600000,0.348
584071200000,0.337
584074800000,0.29
584078400000,0.233
584082000000,0.212
584085600000,0.197
584089200000,0.152
584092800000,0.092
584096400000,0.02
584100000000,0.0
584103600000,0.0
584107200000,0.0
584110800000,0.0
584114400000,0.0
584118000000,0.0
584121600000,0.0
584125200000,0.0
584128800000,0.0
584132400000,0.0
584136000000,0.0
584139600000,0.0
584143200000,0.122
584146800000,0.295
584150400000,0.438
584154000000,0.552
584157600000,0.625
584161200000,0.659
584164800000,0.65
584168400000,0.602
584172000000,0.516
584175600000,0.387
584179200000,0.222
584182800000,0.055
584186400000,0.0
584190000000,0.0
584193600000,0.0
584197200000,0.0
584200800000,0.0
584204400000,0.0
584208000000,0.0
584211600000,0.0
584215200000,0.0
584218800000,0.0
584222400000,0.0
584226000000,0.0
584229600000,0.116
584233200000,0.284
584236800000,0.432
584240400000,0.543
584244000000,0.62
584247600000,0.654
584251200000,0.65
584254800000,0.593
584258400000,0.492
584262000000,0.348
584265600000,0.182
584269200000,0.044
584272800000,0.0
584276400000,0.0
584280000000,0.0
584283600000,0.0
584287200000,0.0
584290800000,0.0
584294400000,0.0
584298000000,0.0
584301600000,0.0
584305200000,0.0
584308800000,0.0
584312400000,0.0
584316000000,0.031
584319600000,0.116
584323200000,0.217
584326800000,0.304
584330400000,0.372
584334000000,0.418
584337600000,0.398
584341200000,0.342
584344800000,0.255
584348400000,0.157
584352000000,0.074
584355600000,0.013
584359200000,0.0
584362800000,0.0
584366400000,0.0
584370000000,0.0
584373600000,0.0
584377200000,0.0
584380800000,0.0
584384400000,0.0
584388000000,0.0
584391600000,0.0
584395200000,0.0
584398800000,0.0
584402400000,0.042
584406000000,0.125
584409600000,0.194
584413200000,0.242
584416800000,0.271
584420400000,0.258
584424000000,0.263
584427600000,0.248
584431200000,0.212
584434800000,0.163
584438400000,0.093
584442000000,0.021
584445600000,0.0
584449200000,0.0
584452800000,0.0
584456400000,0.0
584460000000,0.0
584463600000,0.0
584467200000,0.0
584470800000,0.0
584474400000,0.0
584478000000,0.0
584481600000,0.0
584485200000,0.0
584488800000,0.075
584492400000,0.212
584496000000,0.344
584499600000,0.448
584503200000,0.52
584506800000,0.548
584510400000,0.527
584514000000,0.469
584517600000,0.391
584521200000,0.282
584524800000,0.151
584528400000,0.032
584532000000,0.0
584535600000,0.0
584539200000,0.0
584542800000,0.0
584546400000,0.0
584550000000,0.0
584553600000,0.0
584557200000,0.0
584560800000,0.0
584564400000,0.0
584568000000,0.0
584571600000,0.0
584575200000,0.078
584578800000,0.22
584582400000,0.324
584586000000,0.416
584589600000,0.468
584593200000,0.498
584596800000,0.427
584600400000,0.315
584604000000,0.209
584607600000,0.128
584611200000,0.059
584614800000,0.008
584618400000,0.0
584622000000,0.0
584625600000,0.0
584629200000,0.0
584632800000,0.0
584636400000,0.0
584640000000,0.0
584643600000,0.0
584647200000,0.0
584650800000,0.0
584654400000,0.0
584658000000,0.0
584661600000,0.05
584665200000,0.145
584668800000,0.243
584672400000,0.295
584676000000,0.319
584679600000,0.314
584683200000,0.289
584686800000,0.234
584690400000,0.178
584694000000,0.121
584697600000,0.066
584701200000,0.015
584704800000,0.0
584708400000,0.0
584712000000,0.0
584715600000,0.0
584719200000,0.0
584722800000,0.0
584726400000,0.0
584730000000,0.0
584733600000,0.0
584737200000,0.0
584740800000,0.0
584744400000,0.0
584748000000,0.036
584751600000,0.116
584755200000,0.205
584758800000,0.289
584762400000,0.354
584766000000,0.402
584769600000,0.406
584773200000,0.357
584776800000,0.241
584780400000,0.125
584784000000,0.055
584787600000,0.007
584791200000,0.0
584794800000,0.0
584798400000,0.0
584802000000,0.0
584805600000,0.0
584809200000,0.0
584812800000,0.0
584816400000,0.0
584820000000,0.0
584823600000,0.0
584827200000,0.0
584830800000,0.0
584834400000,0.059
584838000000,0.18
584841600000,0.319
584845200000,0.433
584848800000,0.532
584852400000,0.597
584856000000,0.618
584859600000,0.589
584863200000,0.499
584866800000,0.357
584870400000,0.189
584874000000,0.039
584877600000,0.0
584881200000,0.0
584884800000,0.0
584888400000,0.0
584892000000,0.0
584895600000,0.0
584899200000,0.0
584902800000,0.0
584906400000,0.0
584910000000,0.0
584913600000,0.0
584917200000,0.0
584920800000,0.119
584924400000,0.305
584928000000,0.465
584931600000,0.587
584935200000,0.661
584938800000,0.681
584942400000,0.652
584946000000,0.586
584949600000,0.484
584953200000,0.346
584956800000,0.194
584960400000,0.051
584964000000,0.0
584967600000,0.0
584971200000,0.0
584974800000,0.0
584978400000,0.0
584982000000,0.0
584985600000,0.0
584989200000,0.0
584992800000,0.0
584996400000,0.0
585000000000,0.0
585003600000,0.0
585007200000,0.077
585010800000,0.19
585014400000,0.311
585018000000,0.445
585021600000,0.534
585025200000,0.561
585028800000,0.551
585032400000,0.458
585036000000,0.314
585039600000,0.21
585043200000,0.109
585046800000,0.019
585050400000,0.0
585054000000,0.0
585057600000,0.0
585061200000,0.0
585064800000,0.0
585068400000,0.0
585072000000,0.0
585075600000,0.0
585079200000,0.0
585082800000,0.0
585086400000,0.0
585090000000,0.0
585093600000,0.074
585097200000,0.204
585100800000,0.321
585104400000,0.394
585108000000,0.428
585111600000,0.427
585115200000,0.4
585118800000,0.339
585122400000,0.286
585126000000,0.216
585129600000,0.112
585133200000,0.022
585136800000,0.0
585140400000,0.0
585144000000,0.0
585147600000,0.0
585151200000,0.0
585154800000,0.0
585158400000,0.0
585162000000,0.0
585165600000,0.0
585169200000,0.0
585172800000,0.0
585176400000,0.0
585180000000,0.031
585183600000,0.06
585187200000,0.142
585190800000,0.302
585194400000,0.42
585198000000,0.495
585201600000,0.502
585205200000,0.43
585208800000,0.334
585212400000,0.224
585216000000,0.111
585219600000,0.02
585223200000,0.0
585226800000,0.0
585230400000,0.0
585234000000,0.0
585237600000,0.0
585241200000,0.0
585244800000,0.0
585248400000,0.0
585252000000,0.0
585255600000,0.0
585259200000,0.0
585262800000,0.0
585266400000,0.028
585270000000,0.097
585273600000,0.186
585277200000,0.296
585280800000,0.348
585284400000,0.353
585288000000,0.33
585291600000,0.294
585295200000,0.244
585298800000,0.192
585302400000,0.118
585306000000,0.032
585309600000,0.0
585313200000,0.0
585316800000,0.0
585320400000,0.0
585324000000,0.0
585327600000,0.0
585331200000,0.0
585334800000,0.0
585338400000,0.0
585342000000,0.0
585345600000,0.0
585349200000,0.0
585352800000,0.055
585356400000,0.156
585360000000,0.262
585363600000,0.37
585367200000,0.456
585370800000,0.5
585374400000,0.496
585378000000,0.446
585381600000,0.378
585385200000,0.281
585388800000,0.159
585392400000,0.04
585396000000,0.0
585399600000,0.0
585403200000,0.0
585406800000,0.0
585410400000,0.0
585414000000,0.0
585417600000,0.0
585421200000,0.0
585424800000,0.0
585428400000,0.0
585432000000,0.0
585435600000,0.0
585439200000,0.065
585442800000,0.168
585446400000,0.258
585450000000,0.329
585453600000,0.371
585457200000,0.382
585460800000,0.377
585464400000,0.361
585468000000,0.292
585471600000,0.231
585475200000,0.121
585478800000,0.03
585482400000,0.0
585486000000,0.0
585489600000,0.0
585493200000,0.0
585496800000,0.0
585500400000,0.0
585504000000,0.0
585507600000,0.0
585511200000,0.0
585514800000,0.0
585518400000,0.0
585522000000,0.0
585525600000,0.125
585529200000,0.299
585532800000,0.447
585536400000,0.568
585540000000,0.641
585543600000,0.645
585547200000,0.616
585550800000,0.531
585554400000,0.392
585558000000,0.272
585561600000,0.149
585565200000,0.037
585568800000,0.0
585572400000,0.0
585576000000,0.0
585579600000,0.0
585583200000,0.0
585586800000,0.0
585590400000,0.0
585594000000,0.0
585597600000,0.0
585601200000,0.0
585604800000,0.0
585608400000,0.0
585612000000,0.055
585615600000,0.154
585619200000,0.266
585622800000,0.396
585626400000,0.473
585630000000,0.503
585633600000,0.494
585637200000,0.425
585640800000,0.323
585644400000,0.188
585648000000,0.096
585651600000,0.019
585655200000,0.0
585658800000,0.0
585662400000,0.0
585666000000,0.0
585669600000,0.0
585673200000,0.0
585676800000,0.0
585680400000,0.0
585684000000,0.0
585687600000,0.0
585691200000,0.0
585694800000,0.0
585698400000,0.03
585702000000,0.099
585705600000,0.192
585709200000,0.247
585712800000,0.261
585716400000,0.247
585720000000,0.241
585723600000,0.266
585727200000,0.288
585730800000,0.267
585734400000,0.176
585738000000,0.051
585741600000,0.0
585745200000,0.0
585748800000,0.0
585752400000,0.0
585756000000,0.0
585759600000,0.0
585763200000,0.0
585766800000,0.0
585770400000,0.0
585774000000,0.0
585777600000,0.0
585781200000,0.0
585784800000,0.058
585788400000,0.169
585792000000,0.279
585795600000,0.352
585799200000,0.417
585802800000,0.441
585806400000,0.441
585810000000,0.38
585813600000,0.295
585817200000,0.197
585820800000,0.101
585824400000,0.022
585828000000,0.0
585831600000,0.0
585835200000,0.0
585838800000,0.0
585842400000,0.0
585846000000,0.0
585849600000,0.0
585853200000,0.0
585856800000,0.0
585860400000,0.0
585864000000,0.0
585867600000,0.0
585871200000,0.019
585874800000,0.07
585878400000,0.133
585882000000,0.196
585885600000,0.259
585889200000,0.288
585892800000,0.28
585896400000,0.25
585900000000,0.202
585903600000,0.145
585907200000,0.078
585910800000,0.015
585914400000,0.0
585918000000,0.0
585921600000,0.0
585925200000,0.0
585928800000,0.0
585932400000,0.0
585936000000,0.0
585939600000,0.0
585943200000,0.0
585946800000,0.0
585950400000,0.0
585954000000,0.0
585957600000,0.067
585961200000,0.168
585964800000,0.253
585968400000,0.305
585972000000,0.332
585975600000,0.338
585979200000,0.305
585982800000,0.27
585986400000,0.215
585990000000,0.145
585993600000,0.08
585997200000,0.02
586000800000,0.0
586004400000,0.0
586008000000,0.0
586011600000,0.0
586015200000,0.0
586018800000,0.0
586022400000,0.0
586026000000,0.0
586029600000,0.0
586033200000,0.0
586036800000,0.0
586040400000,0.0
586044000000,0.055
586047600000,0.149
586051200000,0.231
586054800000,0.303
586058400000,0.379
586062000000,0.403
586065600000,0.392
586069200000,0.33
586072800000,0.239
586076400000,0.149
586080000000,0.073
586083600000,0.012
586087200000,0.0
586090800000,0.0
586094400000,0.0
586098000000,0.0
586101600000,0.0
586105200000,0.0
586108800000,0.0
586112400000,0.0
586116000000,0.0
586119600000,0.0
586123200000,0.0
586126800000,0.0
586130400000,0.027
586134000000,0.09
586137600000,0.148
586141200000,0.204
586144800000,0.234
586148400000,0.258
586152000000,0.268
586155600000,0.263
586159200000,0.223
586162800000,0.169
586166400000,0.092
586170000000,0.015
586173600000,0.0
586177200000,0.0
586180800000,0.0
586184400000,0.0
586188000000,0.0
586191600000,0.0
586195200000,0.0
586198800000,0.0
586202400000,0.0
586206000000,0.0
586209600000,0.0
586213200000,0.0
586216800000,0.034
586220400000,0.104
586224000000,0.185
586227600000,0.297
586231200000,0.357
586234800000,0.357
586238400000,0.331
586242000000,0.296
586245600000,0.237
586249200000,0.169
586252800000,0.09
586256400000,0.016
586260000000,0.0
586263600000,0.0
586267200000,0.0
586270800000,0.0
586274400000,0.0
586278000000,0.0
586281600000,0.0
586285200000,0.0
586288800000,0.0
586292400000,0.0
586296000000,0.0
586299600000,0.0
586303200000,0.033
586306800000,0.101
586310400000,0.176
586314000000,0.223
586317600000,0.223
586321200000,0.182
586324800000,0.163
586328400000,0.159
586332000000,0.155
586335600000,0.121
586339200000,0.057
586342800000,0.004
586346400000,0.0
586350000000,0.0
586353600000,0.0
586357200000,0.0
586360800000,0.0
586364400000,0.0
586368000000,0.0
586371600000,0.0
586375200000,0.0
586378800000,0.0
586382400000,0.0
586386000000,0.0
586389600000,0.027
586393200000,0.097
586396800000,0.172
586400400000,0.24
586404000000,0.282
586407600000,0.315
586411200000,0.338
586414800000,0.333
586418400000,0.284
586422000000,0.206
586425600000,0.107
586429200000,0.023
586432800000,0.0
586436400000,0.0
586440000000,0.0
586443600000,0.0
586447200000,0.0
586450800000,0.0
586454400000,0.0
586458000000,0.0
586461600000,0.0
586465200000,0.0
586468800000,0.0
586472400000,0.0
586476000000,0.031
586479600000,0.109
586483200000,0.196
586486800000,0.27
586490400000,0.307
586494000000,0.379
586497600000,0.42
586501200000,0.431
586504800000,0.346
586508400000,0.214
586512000000,0.096
586515600000,0.014
586519200000,0.0
586522800000,0.0
586526400000,0.0
586530000000,0.0
586533600000,0.0
586537200000,0.0
586540800000,0.0
586544400000,0.0
586548000000,0.0
586551600000,0.0
586555200000,0.0
586558800000,0.0
586562400000,0.107
586566000000,0.273
586569600000,0.424
586573200000,0.556
586576800000,0.645
586580400000,0.684
586584000000,0.664
586587600000,0.609
586591200000,0.491
586594800000,0.339
586598400000,0.178
586602000000,0.04
586605600000,0.0
586609200000,0.0
586612800000,0.0
586616400000,0.0
586620000000,0.0
586623600000,0.0
586627200000,0.0
586630800000,0.0
586634400000,0.0
586638000000,0.0
586641600000,0.0
586645200000,0.0
586648800000,0.061
586652400000,0.158
586656000000,0.237
586659600000,0.327
586663200000,0.428
586666800000,0.471
586670400000,0.397
586674000000,0.316
586677600000,0.258
586681200000,0.191
586684800000,0.1
586688400000,0.019
586692000000,0.0
586695600000,0.0
586699200000,0.0
586702800000,0.0
586706400000,0.0
586710000000,0.0
586713600000,0.0
586717200000,0.0
586720800000,0.0
586724400000,0.0
586728000000,0.0
586731600000,0.0
586735200000,0.043
586738800000,0.131
586742400000,0.219
586746000000,0.285
586749600000,0.329
586753200000,0.36
586756800000,0.356
586760400000,0.325
586764000000,0.257
586767600000,0.177
586771200000,0.09
586774800000,0.017
586778400000,0.0
586782000000,0.0
586785600000,0.0
586789200000,0.0
586792800000,0.0
586796400000,0.0
586800000000,0.0
586803600000,0.0
586807200000,0.0
586810800000,0.0
586814400000,0.0
586818000000,0.0
586821600000,0.031
586825200000,0.099
586828800000,0.173
586832400000,0.241
586836000000,0.283
586839600000,0.315
586843200000,0.333
586846800000,0.321
586850400000,0.279
586854000000,0.202
586857600000,0.113
586861200000,0.023
586864800000,0.0
586868400000,0.0
586872000000,0.0
586875600000,0.0
586879200000,0.0
586882800000,0.0
586886400000,0.0
586890000000,0.0
586893600000,0.0
586897200000,0.0
586900800000,0.0
586904400000,0.0
586908000000,0.045
586911600000,0.141
586915200000,0.238
586918800000,0.316
586922400000,0.386
586926000000,0.423
586929600000,0.441
586933200000,0.41
586936800000,0.342
586940400000,0.245
586944000000,0.134
586947600000,0.027
586951200000,0.0
586954800000,0.0
586958400000,0.0
586962000000,0.0
586965600000,0.0
586969200000,0.0
586972800000,0.0
586976400000,0.0
586980000000,0.0
586983600000,0.0
586987200000,0.0
586990800000,0.0
586994400000,0.05
586998000000,0.16
587001600000,0.266
587005200000,0.341
587008800000,0.385
587012400000,0.405
587016000000,0.411
587019600000,0.393
587023200000,0.327
587026800000,0.219
587030400000,0.114
587034000000,0.019
587037600000,0.0
587041200000,0.0
587044800000,0.0
587048400000,0.0
587052000000,0.0
587055600000,0.0
587059200000,0.0
587062800000,0.0
587066400000,0.0
587070000000,0.0
587073600000,0.0
587077200000,0.0
587080800000,0.034
587084400000,0.113
587088000000,0.202
587091600000,0.291
587095200000,0.354
587098800000,0.389
587102400000,0.415
587106000000,0.395
587109600000,0.34
587113200000,0.247
587116800000,0.138
587120400000,0.026
587124000000,0.0
587127600000,0.0
587131200000,0.0
587134800000,0.0
587138400000,0.0
587142000000,0.0
587145600000,0.0
587149200000,0.0
587152800000,0.0
587156400000,0.0
587160000000,0.0
587163600000,0.0
587167200000,0.035
587170800000,0.115
587174400000,0.212
587178000000,0.295
587181600000,0.344
587185200000,0.365
587188800000,0.359
587192400000,0.333
587196000000,0.267
587199600000,0.186
587203200000,0.102
587206800000,0.019
587210400000,0.0
587214000000,0.0
587217600000,0.0
587221200000,0.0
587224800000,0.0
587228400000,0.0
587232000000,0.0
587235600000,0.0
587239200000,0.0
587242800000,0.0
587246400000,0.0
587250000000,0.0
587253600000,0.065
587257200000,0.186
587260800000,0.3
587264400000,0.409
587268000000,0.487
587271600000,0.523
587275200000,0.532
587278800000,0.488
587282400000,0.398
587286000000,0.272
587289600000,0.125
587293200000,0.02
587296800000,0.0
587300400000,0.0
587304000000,0.0
587307600000,0.0
587311200000,0.0
587314800000,0.0
587318400000,0.0
587322000000,0.0
587325600000,0.0
587329200000,0.0
587332800000,0.0
587336400000,0.0
587340000000,0.064
587343600000,0.18
587347200000,0.314
587350800000,0.427
587354400000,0.515
587358000000,0.551
587361600000,0.551
587365200000,0.469
587368800000,0.38
587372400000,0.251
587376000000,0.118
587379600000,0.021
587383200000,0.0
587386800000,0.0
587390400000,0.0
587394000000,0.0
587397600000,0.0
587401200000,0.0
587404800000,0.0
587408400000,0.0
587412000000,0.0
587415600000,0.0
587419200000,0.0
587422800000,0.0
587426400000,0.031
587430000000,0.117
587433600000,0.223
587437200000,0.344
587440800000,0.422
587444400000,0.429
587448000000,0.415
587451600000,0.361
587455200000,0.279
587458800000,0.185
587462400000,0.093
587466000000,0.016
587469600000,0.0
587473200000,0.0
587476800000,0.0
587480400000,0.0
587484000000,0.0
587487600000,0.0
587491200000,0.0
587494800000,0.0
587498400000,0.0
587502000000,0.0
587505600000,0.0
587509200000,0.0
587512800000,0.024
587516400000,0.088
587520000000,0.159
587523600000,0.225
587527200000,0.267
587530800000,0.266
587534400000,0.253
587538000000,0.225
587541600000,0.17
587545200000,0.107
587548800000,0.054
587552400000,0.005
587556000000,0.0
587559600000,0.0
587563200000,0.0
587566800000,0.0
587570400000,0.0
587574000000,0.0
587577600000,0.0
587581200000,0.0
587584800000,0.0
587588400000,0.0
587592000000,0.0
587595600000,0.0
587599200000,0.035
587602800000,0.116
587606400000,0.195
587610000000,0.247
587613600000,0.283
587617200000,0.309
587620800000,0.33
587624400000,0.322
587628000000,0.285
587631600000,0.211
587635200000,0.104
587638800000,0.016
587642400000,0.0
587646000000,0.0
587649600000,0.0
587653200000,0.0
587656800000,0.0
587660400000,0.0
587664000000,0.0
587667600000,0.0
587671200000,0.0
587674800000,0.0
587678400000,0.0
587682000000,0.0
587685600000,0.024
587689200000,0.086
587692800000,0.16
587696400000,0.242
587700000000,0.292
587703600000,0.291
587707200000,0.297
587710800000,0.255
587714400000,0.191
587718000000,0.119
587721600000,0.06
587725200000,0.008
587728800000,0.0
587732400000,0.0
587736000000,0.0
587739600000,0.0
587743200000,0.0
587746800000,0.0
587750400000,0.0
587754000000,0.0
587757600000,0.0
587761200000,0.0
587764800000,0.0
587768400000,0.0
587772000000,0.052
587775600000,0.162
587779200000,0.271
587782800000,0.379
587786400000,0.433
587790000000,0.477
587793600000,0.439
587797200000,0.409
587800800000,0.326
587804400000,0.226
587808000000,0.118
587811600000,0.022
587815200000,0.0
587818800000,0.0
587822400000,0.0
587826000000,0.0
587829600000,0.0
587833200000,0.0
587836800000,0.0
587840400000,0.0
587844000000,0.0
587847600000,0.0
587851200000,0.0
587854800000,0.0
587858400000,0.104
587862000000,0.297
587865600000,0.452
587869200000,0.58
587872800000,0.658
587876400000,0.688
587880000000,0.671
587883600000,0.613
587887200000,0.516
587890800000,0.379
587894400000,0.208
587898000000,0.043
587901600000,0.0
587905200000,0.0
587908800000,0.0
587912400000,0.0
587916000000,0.0
587919600000,0.0
587923200000,0.0
587926800000,0.0
587930400000,0.0
587934000000,0.0
587937600000,0.0
587941200000,0.0
587944800000,0.12
587948400000,0.323
587952000000,0.494
587955600000,0.621
587959200000,0.701
587962800000,0.734
587966400000,0.725
587970000000,0.671
587973600000,0.572
587977200000,0.427
587980800000,0.24
587984400000,0.051
587988000000,0.0
587991600000,0.0
587995200000,0.0
587998800000,0.0
588002400000,0.0
588006000000,0.0
588009600000,0.0
588013200000,0.0
588016800000,0.0
588020400000,0.0
588024000000,0.0
588027600000,0.0
588031200000,0.05
588034800000,0.148
588038400000,0.256
588042000000,0.358
588045600000,0.462
588049200000,0.549
588052800000,0.596
588056400000,0.571
588060000000,0.495
588063600000,0.362
588067200000,0.186
588070800000,0.033
588074400000,0.0
588078000000,0.0
588081600000,0.0
588085200000,0.0
588088800000,0.0
588092400000,0.0
588096000000,0.0
588099600000,0.0
588103200000,0.0
588106800000,0.0
588110400000,0.0
588114000000,0.0
588117600000,0.072
588121200000,0.218
588124800000,0.324
588128400000,0.412
588132000000,0.473
588135600000,0.497
588139200000,0.501
588142800000,0.488
588146400000,0.422
588150000000,0.331
588153600000,0.18
588157200000,0.03
588160800000,0.0
588164400000,0.0
588168000000,0.0
588171600000,0.0
588175200000,0.0
588178800000,0.0
588182400000,0.0
588186000000,0.0
588189600000,0.0
588193200000,0.0
588196800000,0.0
588200400000,0.0
588204000000,0.065
588207600000,0.194
588211200000,0.314
588214800000,0.407
588218400000,0.48
588222000000,0.539
588225600000,0.54
588229200000,0.506
588232800000,0.429
588236400000,0.294
588240000000,0.139
588243600000,0.021
588247200000,0.0
588250800000,0.0
588254400000,0.0
588258000000,0.0
588261600000,0.0
588265200000,0.0
588268800000,0.0
588272400000,0.0
588276000000,0.0
588279600000,0.0
588283200000,0.0
588286800000,0.0
588290400000,0.036
588294000000,0.121
588297600000,0.214
588301200000,0.302
588304800000,0.389
588308400000,0.431
588312000000,0.436
588315600000,0.403
588319200000,0.317
588322800000,0.22
588326400000,0.115
588330000000,0.018
588333600000,0.0
588337200000,0.0
588340800000,0.0
588344400000,0.0
588348000000,0.0
588351600000,0.0
588355200000,0.0
588358800000,0.0
588362400000,0.0
588366000000,0.0
588369600000,0.0
588373200000,0.0
588376800000,0.081
588380400000,0.242
588384000000,0.393
588387600000,0.509
588391200000,0.584
588394800000,0.587
588398400000,0.522
588402000000,0.444
588405600000,0.334
588409200000,0.217
588412800000,0.106
588416400000,0.016
588420000000,0.0
588423600000,0.0
588427200000,0.0
588430800000,0.0
588434400000,0.0
588438000000,0.0
588441600000,0.0
588445200000,0.0
588448800000,0.0
588452400000,0.0
588456000000,0.0
588459600000,0.0
588463200000,0.023
588466800000,0.091
588470400000,0.176
588474000000,0.268
588477600000,0.35
588481200000,0.398
588484800000,0.402
588488400000,0.358
588492000000,0.253
588495600000,0.155
588499200000,0.065
588502800000,0.005
588506400000,0.0
588510000000,0.0
588513600000,0.0
588517200000,0.0
588520800000,0.0
588524400000,0.0
588528000000,0.0
588531600000,0.0
588535200000,0.0
588538800000,0.0
588542400000,0.0
588546000000,0.0
588549600000,0.037
588553200000,0.126
588556800000,0.229
588560400000,0.316
588564000000,0.391
588567600000,0.433
588571200000,0.434
588574800000,0.392
588578400000,0.31
588582000000,0.22
588585600000,0.107
588589200000,0.016
588592800000,0.0
588596400000,0.0
588600000000,0.0
588603600000,0.0
588607200000,0.0
588610800000,0.0
588614400000,0.0
588618000000,0.0
588621600000,0.0
588625200000,0.0
588628800000,0.0
588632400000,0.0
588636000000,0.064
588639600000,0.182
588643200000,0.274
588646800000,0.329
588650400000,0.336
588654000000,0.375
588657600000,0.368
588661200000,0.32
588664800000,0.264
588668400000,0.17
588672000000,0.077
588675600000,0.007
588679200000,0.0
588682800000,0.0
588686400000,0.0
588690000000,0.0
588693600000,0.0
588697200000,0.0
588700800000,0.0
588704400000,0.0
588708000000,0.0
588711600000,0.0
588715200000,0.0
588718800000,0.0
588722400000,0.044
588726000000,0.151
588729600000,0.271
588733200000,0.372
588736800000,0.448
588740400000,0.48
588744000000,0.478
588747600000,0.423
588751200000,0.341
588754800000,0.247
588758400000,0.13
588762000000,0.021
588765600000,0.0
588769200000,0.0
588772800000,0.0
588776400000,0.0
588780000000,0.0
588783600000,0.0
588787200000,0.0
588790800000,0.0
588794400000,0.0
588798000000,0.0
588801600000,0.0
588805200000,0.0
588808800000,0.085
588812400000,0.268
588816000000,0.427
588819600000,0.562
588823200000,0.656
588826800000,0.704
588830400000,0.705
588834000000,0.655
588837600000,0.553
588841200000,0.403
588844800000,0.218
588848400000,0.038
588852000000,0.0
588855600000,0.0
588859200000,0.0
588862800000,0.0
588866400000,0.0
588870000000,0.0
588873600000,0.0
588877200000,0.0
588880800000,0.0
588884400000,0.0
588888000000,0.0
588891600000,0.0
588895200000,0.046
588898800000,0.154
588902400000,0.28
588906000000,0.375
588909600000,0.435
588913200000,0.465
588916800000,0.49
588920400000,0.467
588924000000,0.404
588927600000,0.3
588931200000,0.142
588934800000,0.02
588938400000,0.0
588942000000,0.0
588945600000,0.0
588949200000,0.0
588952800000,0.0
588956400000,0.0
588960000000,0.0
588963600000,0.0
588967200000,0.0
588970800000,0.0
588974400000,0.0
588978000000,0.0
588981600000,0.081
588985200000,0.229
588988800000,0.356
588992400000,0.458
588996000000,0.524
588999600000,0.555
589003200000,0.518
589006800000,0.424
589010400000,0.301
589014000000,0.182
589017600000,0.081
589021200000,0.008
589024800000,0.0
589028400000,0.0
589032000000,0.0
589035600000,0.0
589039200000,0.0
589042800000,0.0
589046400000,0.0
589050000000,0.0
589053600000,0.0
589057200000,0.0
589060800000,0.0
589064400000,0.0
589068000000,0.073
589071600000,0.204
589075200000,0.27
589078800000,0.306
589082400000,0.306
589086000000,0.306
589089600000,0.329
589093200000,0.318
589096800000,0.281
589100400000,0.195
589104000000,0.103
589107600000,0.013
589111200000,0.0
589114800000,0.0
589118400000,0.0
589122000000,0.0
589125600000,0.0
589129200000,0.0
589132800000,0.0
589136400000,0.0
589140000000,0.0
589143600000,0.0
589147200000,0.0
589150800000,0.0
589154400000,0.063
589158000000,0.187
589161600000,0.321
589165200000,0.44
589168800000,0.518
589172400000,0.555
589176000000,0.558
589179600000,0.497
589183200000,0.388
589186800000,0.276
589190400000,0.14
589194000000,0.02
589197600000,0.0
589201200000,0.0
589204800000,0.0
589208400000,0.0
589212000000,0.0
589215600000,0.0
589219200000,0.0
589222800000,0.0
589226400000,0.0
589230000000,0.0
589233600000,0.0
589237200000,0.0
589240800000,0.064
589244400000,0.219
589248000000,0.342
589251600000,0.443
589255200000,0.513
589258800000,0.546
589262400000,0.553
589266000000,0.506
589269600000,0.423
589273200000,0.297
589276800000,0.146
589280400000,0.019
589284000000,0.0
589287600000,0.0
589291200000,0.0
589294800000,0.0
589298400000,0.0
589302000000,0.0
589305600000,0.0
589309200000,0.0
589312800000,0.0
589316400000,0.0
589320000000,0.0
589323600000,0.0
589327200000,0.076
589330800000,0.235
589334400000,0.333
589338000000,0.392
589341600000,0.433
589345200000,0.444
589348800000,0.392
589352400000,0.316
589356000000,0.245
589359600000,0.192
589363200000,0.117
589366800000,0.019
589370400000,0.0
589374000000,0.0
589377600000,0.0
589381200000,0.0
589384800000,0.0
589388400000,0.0
589392000000,0.0
589395600000,0.0
589399200000,0.0
589402800000,0.0
589406400000,0.0
589410000000,0.0
589413600000,0.054
589417200000,0.169
589420800000,0.274
589424400000,0.346
589428000000,0.404
589431600000,0.434
589435200000,0.446
589438800000,0.423
589442400000,0.37
589446000000,0.278
589449600000,0.147
589453200000,0.02
589456800000,0.0
589460400000,0.0
589464000000,0.0
589467600000,0.0
589471200000,0.0
589474800000,0.0
589478400000,0.0
589482000000,0.0
589485600000,0.0
589489200000,0.0
589492800000,0.0
589496400000,0.0
589500000000,0.047
589503600000,0.161
589507200000,0.264
589510800000,0.335
589514400000,0.407
589518000000,0.459
589521600000,0.439
589525200000,0.377
589528800000,0.308
589532400000,0.199
589536000000,0.085
589539600000,0.008
589543200000,0.0
589546800000,0.0
589550400000,0.0
589554000000,0.0
589557600000,0.0
589561200000,0.0
589564800000,0.0
589568400000,0.0
589572000000,0.0
589575600000,0.0
589579200000,0.0
589582800000,0.0
589586400000,0.057
589590000000,0.196
589593600000,0.346
589597200000,0.463
589600800000,0.553
589604400000,0.593
589608000000,0.584
589611600000,0.516
589615200000,0.417
589618800000,0.288
589622400000,0.141
589626000000,0.019
589629600000,0.0
589633200000,0.0
589636800000,0.0
589640400000,0.0
589644000000,0.0
589647600000,0.0
589651200000,0.0
589654800000,0.0
589658400000,0.0
589662000000,0.0
589665600000,0.0
589669200000,0.0
589672800000,0.036
589676400000,0.135
589680000000,0.218
589683600000,0.293
589687200000,0.344
589690800000,0.362
589694400000,0.34
589698000000,0.287
589701600000,0.211
589705200000,0.129
589708800000,0.054
589712400000,0.002
589716000000,0.0
589719600000,0.0
589723200000,0.0
589726800000,0.0
589730400000,0.0
589734000000,0.0
589737600000,0.0
589741200000,0.0
589744800000,0.0
589748400000,0.0
589752000000,0.0
589755600000,0.0
589759200000,0.041
589762800000,0.13
589766400000,0.194
589770000000,0.25
589773600000,0.286
589777200000,0.316
589780800000,0.332
589784400000,0.306
589788000000,0.245
589791600000,0.151
589795200000,0.071
589798800000,0.007
589802400000,0.0
589806000000,0.0
589809600000,0.0
589813200000,0.0
589816800000,0.0
589820400000,0.0
589824000000,0.0
589827600000,0.0
589831200000,0.0
589834800000,0.0
589838400000,0.0
589842000000,0.0
589845600000,0.056
589849200000,0.184
589852800000,0.278
589856400000,0.351
589860000000,0.414
589863600000,0.438
589867200000,0.408
589870800000,0.359
589874400000,0.301
589878000000,0.189
589881600000,0.085
589885200000,0.007
589888800000,0.0
589892400000,0.0
589896000000,0.0
589899600000,0.0
589903200000,0.0
589906800000,0.0
589910400000,0.0
589914000000,0.0
589917600000,0.0
589921200000,0.0
589924800000,0.0
589928400000,0.0
589932000000,0.05
589935600000,0.16
589939200000,0.255
589942800000,0.326
589946400000,0.377
589950000000,0.405
589953600000,0.411
589957200000,0.372
589960800000,0.303
589964400000,0.207
589968000000,0.101
589971600000,0.01
589975200000,0.0
589978800000,0.0
589982400000,0.0
589986000000,0.0
589989600000,0.0
589993200000,0.0
589996800000,0.0
590000400000,0.0
590004000000,0.0
590007600000,0.0
590011200000,0.0
590014800000,0.0
590018400000,0.071
590022000000,0.228
590025600000,0.376
590029200000,0.498
590032800000,0.572
590036400000,0.599
590040000000,0.588
590043600000,0.532
590047200000,0.44
590050800000,0.309
590054400000,0.136
590058000000,0.015
590061600000,0.0
590065200000,0.0
590068800000,0.0
590072400000,0.0
590076000000,0.0
590079600000,0.0
590083200000,0.0
590086800000,0.0
590090400000,0.0
590094000000,0.0
590097600000,0.0
590101200000,0.0
590104800000,0.088
590108400000,0.281
590112000000,0.438
590115600000,0.557
590119200000,0.622
590122800000,0.631
590126400000,0.627
590130000000,0.53
590133600000,0.418
590137200000,0.266
590140800000,0.117
590144400000,0.01
590148000000,0.0
590151600000,0.0
590155200000,0.0
590158800000,0.0
590162400000,0.0
590166000000,0.0
590169600000,0.0
590173200000,0.0
590176800000,0.0
590180400000,0.0
590184000000,0.0
590187600000,0.0
590191200000,0.004
590194800000,0.053
590198400000,0.143
590202000000,0.225
590205600000,0.254
590209200000,0.264
590212800000,0.254
590216400000,0.222
590220000000,0.182
590223600000,0.108
590227200000,0.039
590230800000,0.0
590234400000,0.0
590238000000,0.0
590241600000,0.0
590245200000,0.0
590248800000,0.0
590252400000,0.0
590256000000,0.0
590259600000,0.0
590263200000,0.0
590266800000,0.0
590270400000,0.0
590274000000,0.0
590277600000,0.031
590281200000,0.131
590284800000,0.235
590288400000,0.324
590292000000,0.385
590295600000,0.419
590299200000,0.399
590302800000,0.35
590306400000,0.276
590310000000,0.184
590313600000,0.087
590317200000,0.008
590320800000,0.0
590324400000,0.0
590328000000,0.0
590331600000,0.0
590335200000,0.0
590338800000,0.0
590342400000,0.0
590346000000,0.0
590349600000,0.0
590353200000,0.0
590356800000,0.0
590360400000,0.0
590364000000,0.094
590367600000,0.294
590371200000,0.462
590374800000,0.59
590378400000,0.662
590382000000,0.67
590385600000,0.667
590389200000,0.614
590392800000,0.51
590396400000,0.344
590400000000,0.163
590403600000,0.018
590407200000,0.0
590410800000,0.0
590414400000,0.0
590418000000,0.0
590421600000,0.0
590425200000,0.0
590428800000,0.0
590432400000,0.0
590436000000,0.0
590439600000,0.0
590443200000,0.0
590446800000,0.0
590450400000,0.061
590454000000,0.207
590457600000,0.314
590461200000,0.402
590464800000,0.451
590468400000,0.447
590472000000,0.389
590475600000,0.301
590479200000,0.218
590482800000,0.126
590486400000,0.055
590490000000,0.001
590493600000,0.0
590497200000,0.0
590500800000,0.0
590504400000,0.0
590508000000,0.0
590511600000,0.0
590515200000,0.0
590518800000,0.0
590522400000,0.0
590526000000,0.0
590529600000,0.0
590533200000,0.0
590536800000,0.049
590540400000,0.202
590544000000,0.366
590547600000,0.495
590551200000,0.512
590554800000,0.521
590558400000,0.542
590562000000,0.534
590565600000,0.458
590569200000,0.334
590572800000,0.169
590576400000,0.018
590580000000,0.0
590583600000,0.0
590587200000,0.0
590590800000,0.0
590594400000,0.0
590598000000,0.0
590601600000,0.0
590605200000,0.0
590608800000,0.0
590612400000,0.0
590616000000,0.0
590619600000,0.0
590623200000,0.033
590626800000,0.152
590630400000,0.263
590634000000,0.286
590637600000,0.292
590641200000,0.288
590644800000,0.283
590648400000,0.248
590652000000,0.174
590655600000,0.111
590659200000,0.045
590662800000,0.0
590666400000,0.0
590670000000,0.0
590673600000,0.0
590677200000,0.0
590680800000,0.0
590684400000,0.0
590688000000,0.0
590691600000,0.0
590695200000,0.0
590698800000,0.0
590702400000,0.0
590706000000,0.0
590709600000,0.006
590713200000,0.05
590716800000,0.11
590720400000,0.169
590724000000,0.225
590727600000,0.264
590731200000,0.259
590734800000,0.228
590738400000,0.18
590742000000,0.12
590745600000,0.05
590749200000,0.0
590752800000,0.0
590756400000,0.0
590760000000,0.0
590763600000,0.0
590767200000,0.0
590770800000,0.0
590774400000,0.0
590778000000,0.0
590781600000,0.0
590785200000,0.0
590788800000,0.0
590792400000,0.0
590796000000,0.015
590799600000,0.075
590803200000,0.139
590806800000,0.2
590810400000,0.254
590814000000,0.262
590817600000,0.247
590821200000,0.225
590824800000,0.17
590828400000,0.103
590832000000,0.043
590835600000,0.0
590839200000,0.0
590842800000,0.0
590846400000,0.0
590850000000,0.0
590853600000,0.0
590857200000,0.0
590860800000,0.0
590864400000,0.0
590868000000,0.0
590871600000,0.0
590875200000,0.0
590878800000,0.0
590882400000,0.018
590886000000,0.098
590889600000,0.188
590893200000,0.25
590896800000,0.274
590900400000,0.296
590904000000,0.297
590907600000,0.306
590911200000,0.312
590914800000,0.231
590918400000,0.111
590922000000,0.01
590925600000,0.0
590929200000,0.0
590932800000,0.0
590936400000,0.0
590940000000,0.0
590943600000,0.0
590947200000,0.0
590950800000,0.0
590954400000,0.0
590958000000,0.0
590961600000,0.0
590965200000,0.0
590968800000,0.032
590972400000,0.149
590976000000,0.251
590979600000,0.323
590983200000,0.36
590986800000,0.385
590990400000,0.423
590994000000,0.429
590997600000,0.365
591001200000,0.23
591004800000,0.089
591008400000,0.005
591012000000,0.0
591015600000,0.0
591019200000,0.0
591022800000,0.0
591026400000,0.0
591030000000,0.0
591033600000,0.0
591037200000,0.0
591040800000,0.0
591044400000,0.0
591048000000,0.0
591051600000,0.0
591055200000,0.048
591058800000,0.191
591062400000,0.327
591066000000,0.443
591069600000,0.512
591073200000,0.544
591076800000,0.532
591080400000,0.494
591084000000,0.395
591087600000,0.281
591091200000,0.127
591094800000,0.01
591098400000,0.0
591102000000,0.0
591105600000,0.0
591109200000,0.0
591112800000,0.0
591116400000,0.0
591120000000,0.0
591123600000,0.0
591127200000,0.0
591130800000,0.0
591134400000,0.0
591138000000,0.0
591141600000,0.026
591145200000,0.123
591148800000,0.231
591152400000,0.317
591156000000,0.393
591159600000,0.423
591163200000,0.415
591166800000,0.358
591170400000,0.264
591174000000,0.156
591177600000,0.077
591181200000,0.003
591184800000,0.0
591188400000,0.0
591192000000,0.0
591195600000,0.0
591199200000,0.0
591202800000,0.0
591206400000,0.0
591210000000,0.0
591213600000,0.0
591217200000,0.0
591220800000,0.0
591224400000,0.0
591228000000,0.007
591231600000,0.059
591235200000,0.121
591238800000,0.175
591242400000,0.219
591246000000,0.234
591249600000,0.232
591253200000,0.214
591256800000,0.173
591260400000,0.117
591264000000,0.05
591267600000,0.0
591271200000,0.0
591274800000,0.0
591278400000,0.0
591282000000,0.0
591285600000,0.0
591289200000,0.0
591292800000,0.0
591296400000,0.0
591300000000,0.0
591303600000,0.0
591307200000,0.0
591310800000,0.0
591314400000,0.04
591318000000,0.165
591321600000,0.27
591325200000,0.32
591328800000,0.348
591332400000,0.353
591336000000,0.328
591339600000,0.303
591343200000,0.256
591346800000,0.182
591350400000,0.082
591354000000,0.003
591357600000,0.0
591361200000,0.0
591364800000,0.0
591368400000,0.0
591372000000,0.0
591375600000,0.0
591379200000,0.0
591382800000,0.0
591386400000,0.0
591390000000,0.0
591393600000,0.0
591397200000,0.0
591400800000,0.03
591404400000,0.141
591408000000,0.25
591411600000,0.338
591415200000,0.388
591418800000,0.42
591422400000,0.42
591426000000,0.372
591429600000,0.311
591433200000,0.215
591436800000,0.102
591440400000,0.005
591444000000,0.0
591447600000,0.0
591451200000,0.0
591454800000,0.0
591458400000,0.0
591462000000,0.0
591465600000,0.0
591469200000,0.0
591472800000,0.0
591476400000,0.0
591480000000,0.0
591483600000,0.0
591487200000,0.022
591490800000,0.111
591494400000,0.187
591498000000,0.239
591501600000,0.262
591505200000,0.268
591508800000,0.255
591512400000,0.218
591516000000,0.157
591519600000,0.099
591523200000,0.039
591526800000,0.0
591530400000,0.0
591534000000,0.0
591537600000,0.0
591541200000,0.0
591544800000,0.0
591548400000,0.0
591552000000,0.0
591555600000,0.0
591559200000,0.0
591562800000,0.0
591566400000,0.0
591570000000,0.0
591573600000,0.017
591577200000,0.098
591580800000,0.181
591584400000,0.253
591588000000,0.302
591591600000,0.334
591595200000,0.35
591598800000,0.339
591602400000,0.287
591606000000,0.209
591609600000,0.096
591613200000,0.004
591616800000,0.0
591620400000,0.0
591624000000,0.0
591627600000,0.0
591631200000,0.0
591634800000,0.0
591638400000,0.0
591642000000,0.0
591645600000,0.0
591649200000,0.0
591652800000,0.0
591656400000,0.0
591660000000,0.031
591663600000,0.14
591667200000,0.258
591670800000,0.353
591674400000,0.405
591678000000,0.417
591681600000,0.415
591685200000,0.356
591688800000,0.264
591692400000,0.159
591696000000,0.066
591699600000,0.0
591703200000,0.0
591706800000,0.0
591710400000,0.0
591714000000,0.0
591717600000,0.0
591721200000,0.0
591724800000,0.0
591728400000,0.0
591732000000,0.0
591735600000,0.0
591739200000,0.0
591742800000,0.0
591746400000,0.013
591750000000,0.085
591753600000,0.15
591757200000,0.215
591760800000,0.263
591764400000,0.277
591768000000,0.263
591771600000,0.24
591775200000,0.182
591778800000,0.085
591782400000,0.023
591786000000,0.0
591789600000,0.0
591793200000,0.0
591796800000,0.0
591800400000,0.0
591804000000,0.0
591807600000,0.0
591811200000,0.0
591814800000,0.0
591818400000,0.0
591822000000,0.0
591825600000,0.0
591829200000,0.0
591832800000,0.027
591836400000,0.11
591840000000,0.174
591843600000,0.212
591847200000,0.22
591850800000,0.252
591854400000,0.268
591858000000,0.243
591861600000,0.184
591865200000,0.103
591868800000,0.039
591872400000,0.0
591876000000,0.0
591879600000,0.0
591883200000,0.0
591886800000,0.0
591890400000,0.0
591894000000,0.0
591897600000,0.0
591901200000,0.0
591904800000,0.0
591908400000,0.0
591912000000,0.0
591915600000,0.0
591919200000,0.01
591922800000,0.065
591926400000,0.121
591930000000,0.175
591933600000,0.195
591937200000,0.198
591940800000,0.202
591944400000,0.19
591948000000,0.143
591951600000,0.089
591955200000,0.033
591958800000,0.0
591962400000,0.0
591966000000,0.0
591969600000,0.0
591973200000,0.0
591976800000,0.0
591980400000,0.0
591984000000,0.0
591987600000,0.0
591991200000,0.0
591994800000,0.0
591998400000,0.0
592002000000,0.0
592005600000,0.005
592009200000,0.06
592012800000,0.146
592016400000,0.205
592020000000,0.248
592023600000,0.294
592027200000,0.303
592030800000,0.269
592034400000,0.207
592038000000,0.11
592041600000,0.043
592045200000,0.0
592048800000,0.0
592052400000,0.0
592056000000,0.0
592059600000,0.0
592063200000,0.0
592066800000,0.0
592070400000,0.0
592074000000,0.0
592077600000,0.0
592081200000,0.0
592084800000,0.0
592088400000,0.0
592092000000,0.013
592095600000,0.083
592099200000,0.168
592102800000,0.262
592106400000,0.333
592110000000,0.303
592113600000,0.23
592117200000,0.21
592120800000,0.169
592124400000,0.105
592128000000,0.042
592131600000,0.0
592135200000,0.0
592138800000,0.0
592142400000,0.0
592146000000,0.0
592149600000,0.0
592153200000,0.0
592156800000,0.0
592160400000,0.0
592164000000,0.0
592167600000,0.0
592171200000,0.0
592174800000,0.0
592178400000,0.017
592182000000,0.097
592185600000,0.187
592189200000,0.264
592192800000,0.317
592196400000,0.339
592200000000,0.308
592203600000,0.219
592207200000,0.16
592210800000,0.119
592214400000,0.046
592218000000,0.0
592221600000,0.0
592225200000,0.0
592228800000,0.0
592232400000,0.0
592236000000,0.0
592239600000,0.0
592243200000,0.0
592246800000,0.0
592250400000,0.0
592254000000,0.0
592257600000,0.0
592261200000,0.0
592264800000,0.011
592268400000,0.079
592272000000,0.163
592275600000,0.244
592279200000,0.275
592282800000,0.268
592286400000,0.274
592290000000,0.225
592293600000,0.169
592297200000,0.092
592300800000,0.033
592304400000,0.0
592308000000,0.0
592311600000,0.0
592315200000,0.0
592318800000,0.0
592322400000,0.0
592326000000,0.0
592329600000,0.0
592333200000,0.0
592336800000,0.0
592340400000,0.0
592344000000,0.0
592347600000,0.0
592351200000,0.012
592354800000,0.057
592358400000,0.115
592362000000,0.175
592365600000,0.233
592369200000,0.248
592372800000,0.24
592376400000,0.204
592380000000,0.133
592383600000,0.074
592387200000,0.026
592390800000,0.0
592394400000,0.0
592398000000,0.0
592401600000,0.0
592405200000,0.0
592408800000,0.0
592412400000,0.0
592416000000,0.0
592419600000,0.0
592423200000,0.0
592426800000,0.0
592430400000,0.0
592434000000,0.0
592437600000,0.003
592441200000,0.057
592444800000,0.14
592448400000,0.263
592452000000,0.337
592455600000,0.341
592459200000,0.328
592462800000,0.259
592466400000,0.192
592470000000,0.114
592473600000,0.047
592477200000,0.0
592480800000,0.0
592484400000,0.0
592488000000,0.0
592491600000,0.0
592495200000,0.0
592498800000,0.0
592502400000,0.0
592506000000,0.0
592509600000,0.0
592513200000,0.0
592516800000,0.0
592520400000,0.0
592524000000,0.05
592527600000,0.219
592531200000,0.399
592534800000,0.519
592538400000,0.578
592542000000,0.588
592545600000,0.575
592549200000,0.504
592552800000,0.365
592556400000,0.222
592560000000,0.098
592563600000,0.003
592567200000,0.0
592570800000,0.0
592574400000,0.0
592578000000,0.0
592581600000,0.0
592585200000,0.0
592588800000,0.0
592592400000,0.0
592596000000,0.0
592599600000,0.0
592603200000,0.0
592606800000,0.0
592610400000,0.024
592614000000,0.114
592617600000,0.207
592621200000,0.264
592624800000,0.287
592628400000,0.302
592632000000,0.241
592635600000,0.194
592639200000,0.148
592642800000,0.101
592646400000,0.038
592650000000,0.0
592653600000,0.0
592657200000,0.0
592660800000,0.0
592664400000,0.0
592668000000,0.0
592671600000,0.0
592675200000,0.0
592678800000,0.0
592682400000,0.0
592686000000,0.0
592689600000,0.0
592693200000,0.0
592696800000,0.038
592700400000,0.181
592704000000,0.338
592707600000,0.459
592711200000,0.511
592714800000,0.499
592718400000,0.434
592722000000,0.335
592725600000,0.232
592729200000,0.135
592732800000,0.052
592736400000,0.0
592740000000,0.0
592743600000,0.0
592747200000,0.0
592750800000,0.0
592754400000,0.0
592758000000,0.0
592761600000,0.0
592765200000,0.0
592768800000,0.0
592772400000,0.0
592776000000,0.0
592779600000,0.0
592783200000,0.021
592786800000,0.107
592790400000,0.205
592794000000,0.306
592797600000,0.368
592801200000,0.4
592804800000,0.422
592808400000,0.423
592812000000,0.36
592815600000,0.234
592819200000,0.101
592822800000,0.002
592826400000,0.0
592830000000,0.0
592833600000,0.0
592837200000,0.0
592840800000,0.0
592844400000,0.0
592848000000,0.0
592851600000,0.0
592855200000,0.0
592858800000,0.0
592862400000,0.0
592866000000,0.0
592869600000,0.05
592873200000,0.236
592876800000,0.424
592880400000,0.561
592884000000,0.652
592887600000,0.687
592891200000,0.684
592894800000,0.622
592898400000,0.522
592902000000,0.365
592905600000,0.166
592909200000,0.007
592912800000,0.0
592916400000,0.0
592920000000,0.0
592923600000,0.0
592927200000,0.0
592930800000,0.0
592934400000,0.0
592938000000,0.0
592941600000,0.0
592945200000,0.0
592948800000,0.0
592952400000,0.0
592956000000,0.055
592959600000,0.233
592963200000,0.42
592966800000,0.528
592970400000,0.595
592974000000,0.594
592977600000,0.58
592981200000,0.548
592984800000,0.466
592988400000,0.313
592992000000,0.135
592995600000,0.004
592999200000,0.0
593002800000,0.0
593006400000,0.0
593010000000,0.0
593013600000,0.0
593017200000,0.0
593020800000,0.0
593024400000,0.0
593028000000,0.0
593031600000,0.0
593035200000,0.0
593038800000,0.0
593042400000,0.011
593046000000,0.077
593049600000,0.098
593053200000,0.135
593056800000,0.175
593060400000,0.2
593064000000,0.209
593067600000,0.186
593071200000,0.148
593074800000,0.092
593078400000,0.033
593082000000,0.0
593085600000,0.0
593089200000,0.0
593092800000,0.0
593096400000,0.0
593100000000,0.0
593103600000,0.0
593107200000,0.0
593110800000,0.0
593114400000,0.0
593118000000,0.0
593121600000,0.0
593125200000,0.0
593128800000,0.019
593132400000,0.126
593136000000,0.268
593139600000,0.411
593143200000,0.515
593146800000,0.547
593150400000,0.526
593154000000,0.474
593157600000,0.38
593161200000,0.253
593164800000,0.103
593168400000,0.001
593172000000,0.0
593175600000,0.0
593179200000,0.0
593182800000,0.0
593186400000,0.0
593190000000,0.0
593193600000,0.0
593197200000,0.0
593200800000,0.0
593204400000,0.0
593208000000,0.0
593211600000,0.0
593215200000,0.021
593218800000,0.127
593222400000,0.242
593226000000,0.395
593229600000,0.484
593233200000,0.396
593236800000,0.345
593240400000,0.293
593244000000,0.188
593247600000,0.108
593251200000,0.036
593254800000,0.0
593258400000,0.0
593262000000,0.0
593265600000,0.0
593269200000,0.0
593272800000,0.0
593276400000,0.0
593280000000,0.0
593283600000,0.0
593287200000,0.0
593290800000,0.0
593294400000,0.0
593298000000,0.0
593301600000,0.01
593305200000,0.091
593308800000,0.186
593312400000,0.253
593316000000,0.304
593319600000,0.316
593323200000,0.305
593326800000,0.288
593330400000,0.223
593334000000,0.134
593337600000,0.037
593341200000,0.0
593344800000,0.0
593348400000,0.0
593352000000,0.0
593355600000,0.0
593359200000,0.0
593362800000,0.0
593366400000,0.0
593370000000,0.0
593373600000,0.0
593377200000,0.0
593380800000,0.0
593384400000,0.0
593388000000,0.009
593391600000,0.065
593395200000,0.136
593398800000,0.203
593402400000,0.245
593406000000,0.26
593409600000,0.271
593413200000,0.241
593416800000,0.183
593420400000,0.109
593424000000,0.039
593427600000,0.0
593431200000,0.0
593434800000,0.0
593438400000,0.0
593442000000,0.0
593445600000,0.0
593449200000,0.0
593452800000,0.0
593456400000,0.0
593460000000,0.0
593463600000,0.0
593467200000,0.0
593470800000,0.0
593474400000,0.012
593478000000,0.098
593481600000,0.185
593485200000,0.255
593488800000,0.283
593492400000,0.283
593496000000,0.264
593499600000,0.24
593503200000,0.199
593506800000,0.143
593510400000,0.058
593514000000,0.0
593517600000,0.0
593521200000,0.0
593524800000,0.0
593528400000,0.0
593532000000,0.0
593535600000,0.0
593539200000,0.0
593542800000,0.0
593546400000,0.0
593550000000,0.0
593553600000,0.0
593557200000,0.0
593560800000,0.007
593564400000,0.069
593568000000,0.131
593571600000,0.19
593575200000,0.222
593578800000,0.224
593582400000,0.207
593586000000,0.208
593589600000,0.165
593593200000,0.1
593596800000,0.032
593600400000,0.0
593604000000,0.0
593607600000,0.0
593611200000,0.0
593614800000,0.0
593618400000,0.0
593622000000,0.0
593625600000,0.0
593629200000,0.0
593632800000,0.0
593636400000,0.0
593640000000,0.0
593643600000,0.0
593647200000,0.007
593650800000,0.068
593654400000,0.115
593658000000,0.129
593661600000,0.147
593665200000,0.196
593668800000,0.3
593672400000,0.246
593676000000,0.12
593679600000,0.056
593683200000,0.011
593686800000,0.0
593690400000,0.0
593694000000,0.0
593697600000,0.0
593701200000,0.0
593704800000,0.0
593708400000,0.0
593712000000,0.0
593715600000,0.0
593719200000,0.0
593722800000,0.0
593726400000,0.0
593730000000,0.0
593733600000,0.009
593737200000,0.123
593740800000,0.3
593744400000,0.463
593748000000,0.588
593751600000,0.631
593755200000,0.62
593758800000,0.574
593762400000,0.496
593766000000,0.333
593769600000,0.148
593773200000,0.002
593776800000,0.0
593780400000,0.0
593784000000,0.0
593787600000,0.0
593791200000,0.0
593794800000,0.0
593798400000,0.0
593802000000,0.0
593805600000,0.0
593809200000,0.0
593812800000,0.0
593816400000,0.0
593820000000,0.044
593823600000,0.233
593827200000,0.423
593830800000,0.554
593834400000,0.645
593838000000,0.685
593841600000,0.666
593845200000,0.603
593848800000,0.488
593852400000,0.33
593856000000,0.149
593859600000,0.003
593863200000,0.0
593866800000,0.0
593870400000,0.0
593874000000,0.0
593877600000,0.0
593881200000,0.0
593884800000,0.0
593888400000,0.0
593892000000,0.0
593895600000,0.0
593899200000,0.0
593902800000,0.0
593906400000,0.034
593910000000,0.186
593913600000,0.367
593917200000,0.501
593920800000,0.594
593924400000,0.604
593928000000,0.593
593931600000,0.551
593935200000,0.451
593938800000,0.302
593942400000,0.122
593946000000,0.0
593949600000,0.0
593953200000,0.0
593956800000,0.0
593960400000,0.0
593964000000,0.0
593967600000,0.0
593971200000,0.0
593974800000,0.0
593978400000,0.0
593982000000,0.0
593985600000,0.0
593989200000,0.0
593992800000,0.01
593996400000,0.102
594000000000,0.23
594003600000,0.352
594007200000,0.45
594010800000,0.466
594014400000,0.434
594018000000,0.395
594021600000,0.321
594025200000,0.224
594028800000,0.108
594032400000,0.001
594036000000,0.0
594039600000,0.0
594043200000,0.0
594046800000,0.0
594050400000,0.0
594054000000,0.0
594057600000,0.0
594061200000,0.0
594064800000,0.0
594068400000,0.0
594072000000,0.0
594075600000,0.0
594079200000,0.028
594082800000,0.179
594086400000,0.35
594090000000,0.498
594093600000,0.572
594097200000,0.587
594100800000,0.544
594104400000,0.44
594108000000,0.317
594111600000,0.187
594115200000,0.072
594118800000,0.0
594122400000,0.0
594126000000,0.0
594129600000,0.0
594133200000,0.0
594136800000,0.0
594140400000,0.0
594144000000,0.0
594147600000,0.0
594151200000,0.0
594154800000,0.0
594158400000,0.0
594162000000,0.0
594165600000,0.006
594169200000,0.052
594172800000,0.093
594176400000,0.105
594180000000,0.127
594183600000,0.155
594187200000,0.198
594190800000,0.216
594194400000,0.194
594198000000,0.126
594201600000,0.048
594205200000,0.0
594208800000,0.0
594212400000,0.0
594216000000,0.0
594219600000,0.0
594223200000,0.0
594226800000,0.0
594230400000,0.0
594234000000,0.0
594237600000,0.0
594241200000,0.0
594244800000,0.0
594248400000,0.0
594252000000,0.007
594255600000,0.07
594259200000,0.158
594262800000,0.272
594266400000,0.406
594270000000,0.457
594273600000,0.481
594277200000,0.375
594280800000,0.283
594284400000,0.174
594288000000,0.074
594291600000,0.0
594295200000,0.0
594298800000,0.0
594302400000,0.0
594306000000,0.0
594309600000,0.0
594313200000,0.0
594316800000,0.0
594320400000,0.0
594324000000,0.0
594327600000,0.0
594331200000,0.0
594334800000,0.0
594338400000,0.013
594342000000,0.137
594345600000,0.283
594349200000,0.402
594352800000,0.458
594356400000,0.445
594360000000,0.351
594363600000,0.278
594367200000,0.19
594370800000,0.119
594374400000,0.045
594378000000,0.0
594381600000,0.0
594385200000,0.0
594388800000,0.0
594392400000,0.0
594396000000,0.0
594399600000,0.0
594403200000,0.0
594406800000,0.0
594410400000,0.0
594414000000,0.0
594417600000,0.0
594421200000,0.0
594424800000,0.019
594428400000,0.137
594432000000,0.261
594435600000,0.36
594439200000,0.424
594442800000,0.449
594446400000,0.438
594450000000,0.367
594453600000,0.248
594457200000,0.136
594460800000,0.045
594464400000,0.0
594468000000,0.0
594471600000,0.0
594475200000,0.0
594478800000,0.0
594482400000,0.0
594486000000,0.0
594489600000,0.0
594493200000,0.0
594496800000,0.0
594500400000,0.0
594504000000,0.0
594507600000,0.0
594511200000,0.008
594514800000,0.08
594518400000,0.153
594522000000,0.221
594525600000,0.263
594529200000,0.301
594532800000,0.356
594536400000,0.379
594540000000,0.345
594543600000,0.239
594547200000,0.101
594550800000,0.0
594554400000,0.0
594558000000,0.0
594561600000,0.0
594565200000,0.0
594568800000,0.0
594572400000,0.0
594576000000,0.0
594579600000,0.0
594583200000,0.0
594586800000,0.0
594590400000,0.0
594594000000,0.0
594597600000,0.02
594601200000,0.136
594604800000,0.295
594608400000,0.443
594612000000,0.517
594615600000,0.559
594619200000,0.576
594622800000,0.525
594626400000,0.381
594630000000,0.226
594633600000,0.081
594637200000,0.0
594640800000,0.0
594644400000,0.0
594648000000,0.0
594651600000,0.0
594655200000,0.0
594658800000,0.0
594662400000,0.0
594666000000,0.0
594669600000,0.0
594673200000,0.0
594676800000,0.0
594680400000,0.0
594684000000,0.025
594687600000,0.188
594691200000,0.368
594694800000,0.495
594698400000,0.583
594702000000,0.671
594705600000,0.674
594709200000,0.593
594712800000,0.449
594716400000,0.275
594720000000,0.096
594723600000,0.0
594727200000,0.0
594730800000,0.0
594734400000,0.0
594738000000,0.0
594741600000,0.0
594745200000,0.0
594748800000,0.0
594752400000,0.0
594756000000,0.0
594759600000,0.0
594763200000,0.0
594766800000,0.0
594770400000,0.002
594774000000,0.057
594777600000,0.125
594781200000,0.187
594784800000,0.228
594788400000,0.24
594792000000,0.233
594795600000,0.204
594799200000,0.154
594802800000,0.085
594806400000,0.023
594810000000,0.0
594813600000,0.0
594817200000,0.0
594820800000,0.0
594824400000,0.0
594828000000,0.0
594831600000,0.0
594835200000,0.0
594838800000,0.0
594842400000,0.0
594846000000,0.0
594849600000,0.0
594853200000,0.0
594856800000,0.001
594860400000,0.054
594864000000,0.114
594867600000,0.162
594871200000,0.194
594874800000,0.213
594878400000,0.217
594882000000,0.211
594885600000,0.168
594889200000,0.108
594892800000,0.04
594896400000,0.0
594900000000,0.0
594903600000,0.0
594907200000,0.0
594910800000,0.0
594914400000,0.0
594918000000,0.0
594921600000,0.0
594925200000,0.0
594928800000,0.0
594932400000,0.0
594936000000,0.0
594939600000,0.0
594943200000,0.0
594946800000,0.035
594950400000,0.113
594954000000,0.172
594957600000,0.173
594961200000,0.187
594964800000,0.219
594968400000,0.196
594972000000,0.143
594975600000,0.083
594979200000,0.027
594982800000,0.0
594986400000,0.0
594990000000,0.0
594993600000,0.0
594997200000,0.0
595000800000,0.0
595004400000,0.0
595008000000,0.0
595011600000,0.0
595015200000,0.0
595018800000,0.0
595022400000,0.0
595026000000,0.0
595029600000,0.011
595033200000,0.11
595036800000,0.234
595040400000,0.348
595044000000,0.409
595047600000,0.425
595051200000,0.411
595054800000,0.351
595058400000,0.263
595062000000,0.191
595065600000,0.08
595069200000,0.0
595072800000,0.0
595076400000,0.0
595080000000,0.0
595083600000,0.0
595087200000,0.0
595090800000,0.0
595094400000,0.0
595098000000,0.0
595101600000,0.0
595105200000,0.0
595108800000,0.0
595112400000,0.0
595116000000,0.003
595119600000,0.06
595123200000,0.138
595126800000,0.216
595130400000,0.276
595134000000,0.289
595137600000,0.283
595141200000,0.248
595144800000,0.185
595148400000,0.107
595152000000,0.036
595155600000,0.0
595159200000,0.0
595162800000,0.0
595166400000,0.0
595170000000,0.0
595173600000,0.0
595177200000,0.0
595180800000,0.0
595184400000,0.0
595188000000,0.0
595191600000,0.0
595195200000,0.0
595198800000,0.0
595202400000,0.018
595206000000,0.154
595209600000,0.309
595213200000,0.453
595216800000,0.551
595220400000,0.598
595224000000,0.607
595227600000,0.564
595231200000,0.464
595234800000,0.318
595238400000,0.128
595242000000,0.0
595245600000,0.0
595249200000,0.0
595252800000,0.0
595256400000,0.0
595260000000,0.0
595263600000,0.0
595267200000,0.0
595270800000,0.0
595274400000,0.0
595278000000,0.0
595281600000,0.0
595285200000,0.0
595288800000,0.026
595292400000,0.176
595296000000,0.346
595299600000,0.49
595303200000,0.577
595306800000,0.62
595310400000,0.607
595314000000,0.568
595317600000,0.478
595321200000,0.34
595324800000,0.156
595328400000,0.0
595332000000,0.0
595335600000,0.0
595339200000,0.0
595342800000,0.0
595346400000,0.0
595350000000,0.0
595353600000,0.0
595357200000,0.0
595360800000,0.0
595364400000,0.0
595368000000,0.0
595371600000,0.0
595375200000,0.028
595378800000,0.178
595382400000,0.312
595386000000,0.417
595389600000,0.424
595393200000,0.4
595396800000,0.352
595400400000,0.279
595404000000,0.186
595407600000,0.106
595411200000,0.035
595414800000,0.0
595418400000,0.0
595422000000,0.0
595425600000,0.0
595429200000,0.0
595432800000,0.0
595436400000,0.0
595440000000,0.0
595443600000,0.0
595447200000,0.0
595450800000,0.0
595454400000,0.0
595458000000,0.0
595461600000,0.006
595465200000,0.076
595468800000,0.149
595472400000,0.219
595476000000,0.271
595479600000,0.261
595483200000,0.238
595486800000,0.236
595490400000,0.244
595494000000,0.196
595497600000,0.088
595501200000,0.0
595504800000,0.0
595508400000,0.0
595512000000,0.0
595515600000,0.0
595519200000,0.0
595522800000,0.0
595526400000,0.0
595530000000,0.0
595533600000,0.0
595537200000,0.0
595540800000,0.0
595544400000,0.0
595548000000,0.007
595551600000,0.086
595555200000,0.172
595558800000,0.236
595562400000,0.261
595566000000,0.249
595569600000,0.222
595573200000,0.189
595576800000,0.146
595580400000,0.098
595584000000,0.032
595587600000,0.0
595591200000,0.0
595594800000,0.0
595598400000,0.0
595602000000,0.0
595605600000,0.0
595609200000,0.0
595612800000,0.0
595616400000,0.0
595620000000,0.0
595623600000,0.0
595627200000,0.0
595630800000,0.0
595634400000,0.031
595638000000,0.202
595641600000,0.338
595645200000,0.376
595648800000,0.358
595652400000,0.313
595656000000,0.271
595659600000,0.244
595663200000,0.191
595666800000,0.115
595670400000,0.04
595674000000,0.0
595677600000,0.0
595681200000,0.0
595684800000,0.0
595688400000,0.0
595692000000,0.0
595695600000,0.0
595699200000,0.0
595702800000,0.0
595706400000,0.0
595710000000,0.0
595713600000,0.0
595717200000,0.0
595720800000,0.005
595724400000,0.069
595728000000,0.139
595731600000,0.212
595735200000,0.28
595738800000,0.33
595742400000,0.352
595746000000,0.305
595749600000,0.216
595753200000,0.113
595756800000,0.032
595760400000,0.0
595764000000,0.0
595767600000,0.0
595771200000,0.0
595774800000,0.0
595778400000,0.0
595782000000,0.0
595785600000,0.0
595789200000,0.0
595792800000,0.0
595796400000,0.0
595800000000,0.0
595803600000,0.0
595807200000,0.009
595810800000,0.108
595814400000,0.226
595818000000,0.34
595821600000,0.379
595825200000,0.395
595828800000,0.362
595832400000,0.316
595836000000,0.231
595839600000,0.135
595843200000,0.037
595846800000,0.0
595850400000,0.0
595854000000,0.0
595857600000,0.0
595861200000,0.0
595864800000,0.0
595868400000,0.0
595872000000,0.0
595875600000,0.0
595879200000,0.0
595882800000,0.0
595886400000,0.0
595890000000,0.0
595893600000,0.021
595897200000,0.182
595900800000,0.367
595904400000,0.522
595908000000,0.611
595911600000,0.628
595915200000,0.559
595918800000,0.502
595922400000,0.383
595926000000,0.246
595929600000,0.094
595933200000,0.0
595936800000,0.0
595940400000,0.0
595944000000,0.0
595947600000,0.0
595951200000,0.0
595954800000,0.0
595958400000,0.0
595962000000,0.0
595965600000,0.0
595969200000,0.0
595972800000,0.0
595976400000,0.0
595980000000,0.019
595983600000,0.174
595987200000,0.343
595990800000,0.464
595994400000,0.528
595998000000,0.564
596001600000,0.548
596005200000,0.502
596008800000,0.415
596012400000,0.285
596016000000,0.115
596019600000,0.0
596023200000,0.0
596026800000,0.0
596030400000,0.0
596034000000,0.0
596037600000,0.0
596041200000,0.0
596044800000,0.0
596048400000,0.0
596052000000,0.0
596055600000,0.0
596059200000,0.0
596062800000,0.0
596066400000,0.021
596070000000,0.171
596073600000,0.335
596077200000,0.466
596080800000,0.534
596084400000,0.569
596088000000,0.546
596091600000,0.502
596095200000,0.399
596098800000,0.259
596102400000,0.102
596106000000,0.0
596109600000,0.0
596113200000,0.0
596116800000,0.0
596120400000,0.0
596124000000,0.0
596127600000,0.0
596131200000,0.0
596134800000,0.0
596138400000,0.0
596142000000,0.0
596145600000,0.0
596149200000,0.0
596152800000,0.022
596156400000,0.193
596160000000,0.38
596163600000,0.526
596167200000,0.583
596170800000,0.62
596174400000,0.624
596178000000,0.56
596181600000,0.467
596185200000,0.316
596188800000,0.128
596192400000,0.0
596196000000,0.0
596199600000,0.0
596203200000,0.0
596206800000,0.0
596210400000,0.0
596214000000,0.0
596217600000,0.0
596221200000,0.0
596224800000,0.0
596228400000,0.0
596232000000,0.0
596235600000,0.0
596239200000,0.014
596242800000,0.122
596246400000,0.244
596250000000,0.368
596253600000,0.467
596257200000,0.498
596260800000,0.509
596264400000,0.457
596268000000,0.398
596271600000,0.26
596275200000,0.101
596278800000,0.0
596282400000,0.0
596286000000,0.0
596289600000,0.0
596293200000,0.0
596296800000,0.0
596300400000,0.0
596304000000,0.0
596307600000,0.0
596311200000,0.0
596314800000,0.0
596318400000,0.0
596322000000,0.0
596325600000,0.025
596329200000,0.201
596332800000,0.389
596336400000,0.55
596340000000,0.635
596343600000,0.672
596347200000,0.657
596350800000,0.584
596354400000,0.441
596358000000,0.213
596361600000,0.048
596365200000,0.0
596368800000,0.0
596372400000,0.0
596376000000,0.0
596379600000,0.0
596383200000,0.0
596386800000,0.0
596390400000,0.0
596394000000,0.0
596397600000,0.0
596401200000,0.0
596404800000,0.0
596408400000,0.0
596412000000,0.014
596415600000,0.114
596419200000,0.245
596422800000,0.383
596426400000,0.48
596430000000,0.516
596433600000,0.523
596437200000,0.49
596440800000,0.423
596444400000,0.284
596448000000,0.108
596451600000,0.0
596455200000,0.0
596458800000,0.0
596462400000,0.0
596466000000,0.0
596469600000,0.0
596473200000,0.0
596476800000,0.0
596480400000,0.0
596484000000,0.0
596487600000,0.0
596491200000,0.0
596494800000,0.0
596498400000,0.016
596502000000,0.156
596505600000,0.307
596509200000,0.426
596512800000,0.497
596516400000,0.524
596520000000,0.499
596523600000,0.44
596527200000,0.357
596530800000,0.228
596534400000,0.083
596538000000,0.0
596541600000,0.0
596545200000,0.0
596548800000,0.0
596552400000,0.0
596556000000,0.0
596559600000,0.0
596563200000,0.0
596566800000,0.0
596570400000,0.0
596574000000,0.0
596577600000,0.0
596581200000,0.0
596584800000,0.0
596588400000,0.065
596592000000,0.185
596595600000,0.297
596599200000,0.374
596602800000,0.409
596606400000,0.375
596610000000,0.301
596613600000,0.224
596617200000,0.128
596620800000,0.045
596624400000,0.0
596628000000,0.0
596631600000,0.0
596635200000,0.0
596638800000,0.0
596642400000,0.0
596646000000,0.0
596649600000,0.0
596653200000,0.0
596656800000,0.0
596660400000,0.0
596664000000,0.0
596667600000,0.0
596671200000,0.007
596674800000,0.12
596678400000,0.282
596682000000,0.399
596685600000,0.478
596689200000,0.535
596692800000,0.536
596696400000,0.464
596700000000,0.377
596703600000,0.246
596707200000,0.092
596710800000,0.0
596714400000,0.0
596718000000,0.0
596721600000,0.0
596725200000,0.0
596728800000,0.0
596732400000,0.0
596736000000,0.0
596739600000,0.0
596743200000,0.0
596746800000,0.0
596750400000,0.0
596754000000,0.0
596757600000,0.007
596761200000,0.106
596764800000,0.228
596768400000,0.339
596772000000,0.432
596775600000,0.478
596779200000,0.482
596782800000,0.441
596786400000,0.348
596790000000,0.222
596793600000,0.086
596797200000,0.0
596800800000,0.0
596804400000,0.0
596808000000,0.0
596811600000,0.0
596815200000,0.0
596818800000,0.0
596822400000,0.0
596826000000,0.0
596829600000,0.0
596833200000,0.0
596836800000,0.0
596840400000,0.0
596844000000,0.02
596847600000,0.179
596851200000,0.37
596854800000,0.542
596858400000,0.622
596862000000,0.659
596865600000,0.649
596869200000,0.577
596872800000,0.452
596876400000,0.292
596880000000,0.103
596883600000,0.0
596887200000,0.0
596890800000,0.0
596894400000,0.0
596898000000,0.0
596901600000,0.0
596905200000,0.0
596908800000,0.0
596912400000,0.0
596916000000,0.0
596919600000,0.0
596923200000,0.0
596926800000,0.0
596930400000,0.012
596934000000,0.134
596937600000,0.293
596941200000,0.442
596944800000,0.529
596948400000,0.575
596952000000,0.565
596955600000,0.504
596959200000,0.419
596962800000,0.283
596966400000,0.114
596970000000,0.0
596973600000,0.0
596977200000,0.0
596980800000,0.0
596984400000,0.0
596988000000,0.0
596991600000,0.0
596995200000,0.0
596998800000,0.0
597002400000,0.0
597006000000,0.0
597009600000,0.0
597013200000,0.0
597016800000,0.013
597020400000,0.15
597024000000,0.342
597027600000,0.521
597031200000,0.616
597034800000,0.634
597038400000,0.639
597042000000,0.539
597045600000,0.423
597049200000,0.27
597052800000,0.098
597056400000,0.0
597060000000,0.0
597063600000,0.0
597067200000,0.0
597070800000,0.0
597074400000,0.0
597078000000,0.0
597081600000,0.0
597085200000,0.0
597088800000,0.0
597092400000,0.0
597096000000,0.0
597099600000,0.0
597103200000,0.01
597106800000,0.135
597110400000,0.295
597114000000,0.407
597117600000,0.444
597121200000,0.43
597124800000,0.426
597128400000,0.401
597132000000,0.347
597135600000,0.221
597139200000,0.082
597142800000,0.0
597146400000,0.0
597150000000,0.0
597153600000,0.0
597157200000,0.0
597160800000,0.0
597164400000,0.0
597168000000,0.0
597171600000,0.0
597175200000,0.0
597178800000,0.0
597182400000,0.0
597186000000,0.0
597189600000,0.0
597193200000,0.046
597196800000,0.107
597200400000,0.172
597204000000,0.22
597207600000,0.249
597211200000,0.237
597214800000,0.203
597218400000,0.146
597222000000,0.086
597225600000,0.03
597229200000,0.0
597232800000,0.0
597236400000,0.0
597240000000,0.0
597243600000,0.0
597247200000,0.0
597250800000,0.0
597254400000,0.0
597258000000,0.0
597261600000,0.0
597265200000,0.0
597268800000,0.0
597272400000,0.0
597276000000,0.001
597279600000,0.063
597283200000,0.159
597286800000,0.255
597290400000,0.334
597294000000,0.372
597297600000,0.377
597301200000,0.361
597304800000,0.311
597308400000,0.216
597312000000,0.085
597315600000,0.0
597319200000,0.0
597322800000,0.0
597326400000,0.0
597330000000,0.0
597333600000,0.0
597337200000,0.0
597340800000,0.0
597344400000,0.0
597348000000,0.0
597351600000,0.0
597355200000,0.0
597358800000,0.0
597362400000,0.021
597366000000,0.199
597369600000,0.404
597373200000,0.529
597376800000,0.621
597380400000,0.651
597384000000,0.626
597387600000,0.575
597391200000,0.483
597394800000,0.315
597398400000,0.117
597402000000,0.0
597405600000,0.0
597409200000,0.0
597412800000,0.0
597416400000,0.0
597420000000,0.0
597423600000,0.0
597427200000,0.0
597430800000,0.0
597434400000,0.0
597438000000,0.0
597441600000,0.0
597445200000,0.0
597448800000,0.024
597452400000,0.202
597456000000,0.403
597459600000,0.554
597463200000,0.652
597466800000,0.685
597470400000,0.67
597474000000,0.618
597477600000,0.515
597481200000,0.354
597484800000,0.14
597488400000,0.0
597492000000,0.0
597495600000,0.0
597499200000,0.0
597502800000,0.0
597506400000,0.0
597510000000,0.0
597513600000,0.0
597517200000,0.0
597520800000,0.0
597524400000,0.0
597528000000,0.0
597531600000,0.0
597535200000,0.024
597538800000,0.186
597542400000,0.355
597546000000,0.524
597549600000,0.61
597553200000,0.651
597556800000,0.65
597560400000,0.593
597564000000,0.493
597567600000,0.335
597571200000,0.13
597574800000,0.0
597578400000,0.0
597582000000,0.0
597585600000,0.0
597589200000,0.0
597592800000,0.0
597596400000,0.0
597600000000,0.0
597603600000,0.0
597607200000,0.0
597610800000,0.0
597614400000,0.0
597618000000,0.0
597621600000,0.023
597625200000,0.185
597628800000,0.352
597632400000,0.474
597636000000,0.538
597639600000,0.575
597643200000,0.578
597646800000,0.599
597650400000,0.518
597654000000,0.36
597657600000,0.145
597661200000,0.0
597664800000,0.0
597668400000,0.0
597672000000,0.0
597675600000,0.0
597679200000,0.0
597682800000,0.0
597686400000,0.0
597690000000,0.0
597693600000,0.0
597697200000,0.0
597700800000,0.0
597704400000,0.0
597708000000,0.018
597711600000,0.121
597715200000,0.193
597718800000,0.316
597722400000,0.439
597726000000,0.463
597729600000,0.446
597733200000,0.366
597736800000,0.288
597740400000,0.197
597744000000,0.071
597747600000,0.0
597751200000,0.0
597754800000,0.0
597758400000,0.0
597762000000,0.0
597765600000,0.0
597769200000,0.0
597772800000,0.0
597776400000,0.0
597780000000,0.0
597783600000,0.0
597787200000,0.0
597790800000,0.0
597794400000,0.0
597798000000,0.049
597801600000,0.116
597805200000,0.178
597808800000,0.233
597812400000,0.32
597816000000,0.309
597819600000,0.251
597823200000,0.167
597826800000,0.091
597830400000,0.023
597834000000,0.0
597837600000,0.0
597841200000,0.0
597844800000,0.0
597848400000,0.0
597852000000,0.0
597855600000,0.0
597859200000,0.0
597862800000,0.0
597866400000,0.0
597870000000,0.0
597873600000,0.0
597877200000,0.0
597880800000,0.01
597884400000,0.133
597888000000,0.308
597891600000,0.43
597895200000,0.543
597898800000,0.573
597902400000,0.524
597906000000,0.452
597909600000,0.35
597913200000,0.211
597916800000,0.077
597920400000,0.0
597924000000,0.0
597927600000,0.0
597931200000,0.0
597934800000,0.0
597938400000,0.0
597942000000,0.0
597945600000,0.0
597949200000,0.0
597952800000,0.0
597956400000,0.0
597960000000,0.0
597963600000,0.0
597967200000,0.015
597970800000,0.163
597974400000,0.352
597978000000,0.483
597981600000,0.593
597985200000,0.661
597988800000,0.662
597992400000,0.604
597996000000,0.494
597999600000,0.326
598003200000,0.118
598006800000,0.0
598010400000,0.0
598014000000,0.0
598017600000,0.0
598021200000,0.0
598024800000,0.0
598028400000,0.0
598032000000,0.0
598035600000,0.0
598039200000,0.0
598042800000,0.0
598046400000,0.0
598050000000,0.0
598053600000,0.015
598057200000,0.159
598060800000,0.334
598064400000,0.464
598068000000,0.629
598071600000,0.678
598075200000,0.661
598078800000,0.603
598082400000,0.508
598086000000,0.33
598089600000,0.104
598093200000,0.0
598096800000,0.0
598100400000,0.0
598104000000,0.0
598107600000,0.0
598111200000,0.0
598114800000,0.0
598118400000,0.0
598122000000,0.0
598125600000,0.0
598129200000,0.0
598132800000,0.0
598136400000,0.0
598140000000,0.018
598143600000,0.18
598147200000,0.365
598150800000,0.544
598154400000,0.632
598158000000,0.664
598161600000,0.599
598165200000,0.508
598168800000,0.403
598172400000,0.228
598176000000,0.08
598179600000,0.0
598183200000,0.0
598186800000,0.0
598190400000,0.0
598194000000,0.0
598197600000,0.0
598201200000,0.0
598204800000,0.0
598208400000,0.0
598212000000,0.0
598215600000,0.0
598219200000,0.0
598222800000,0.0
598226400000,0.013
598230000000,0.148
598233600000,0.303
598237200000,0.46
598240800000,0.536
598244400000,0.513
598248000000,0.397
598251600000,0.287
598255200000,0.208
598258800000,0.12
598262400000,0.036
598266000000,0.0
598269600000,0.0
598273200000,0.0
598276800000,0.0
598280400000,0.0
598284000000,0.0
598287600000,0.0
598291200000,0.0
598294800000,0.0
598298400000,0.0
598302000000,0.0
598305600000,0.0
598309200000,0.0
598312800000,0.008
598316400000,0.122
598320000000,0.274
598323600000,0.402
598327200000,0.537
598330800000,0.571
598334400000,0.558
598338000000,0.516
598341600000,0.407
598345200000,0.233
598348800000,0.072
598352400000,0.0
598356000000,0.0
598359600000,0.0
598363200000,0.0
598366800000,0.0
598370400000,0.0
598374000000,0.0
598377600000,0.0
598381200000,0.0
598384800000,0.0
598388400000,0.0
598392000000,0.0
598395600000,0.0
598399200000,0.013
598402800000,0.15
598406400000,0.311
598410000000,0.462
598413600000,0.495
598417200000,0.527
598420800000,0.523
598424400000,0.463
598428000000,0.376
598431600000,0.237
598435200000,0.083
598438800000,0.0
598442400000,0.0
598446000000,0.0
598449600000,0.0
598453200000,0.0
598456800000,0.0
598460400000,0.0
598464000000,0.0
598467600000,0.0
598471200000,0.0
598474800000,0.0
598478400000,0.0
598482000000,0.0
598485600000,0.006
598489200000,0.103
598492800000,0.21
598496400000,0.278
598500000000,0.331
598503600000,0.36
598507200000,0.388
598510800000,0.369
598514400000,0.299
598518000000,0.188
598521600000,0.065
598525200000,0.0
598528800000,0.0
598532400000,0.0
598536000000,0.0
598539600000,0.0
598543200000,0.0
598546800000,0.0
598550400000,0.0
598554000000,0.0
598557600000,0.0
598561200000,0.0
598564800000,0.0
598568400000,0.0
598572000000,0.006
598575600000,0.108
598579200000,0.232
598582800000,0.319
598586400000,0.337
598590000000,0.351
598593600000,0.323
598597200000,0.263
598600800000,0.19
598604400000,0.097
598608000000,0.031
598611600000,0.0
598615200000,0.0
598618800000,0.0
598622400000,0.0
598626000000,0.0
598629600000,0.0
598633200000,0.0
598636800000,0.0
598640400000,0.0
598644000000,0.0
598647600000,0.0
598651200000,0.0
598654800000,0.0
598658400000,0.005
598662000000,0.09
598665600000,0.185
598669200000,0.271
598672800000,0.352
598676400000,0.407
598680000000,0.447
598683600000,0.441
598687200000,0.378
598690800000,0.251
598694400000,0.083
598698000000,0.0
598701600000,0.0
598705200000,0.0
598708800000,0.0
598712400000,0.0
598716000000,0.0
598719600000,0.0
598723200000,0.0
598726800000,0.0
598730400000,0.0
598734000000,0.0
598737600000,0.0
598741200000,0.0
598744800000,0.005
598748400000,0.085
598752000000,0.175
598755600000,0.277
598759200000,0.338
598762800000,0.373
598766400000,0.333
598770000000,0.247
598773600000,0.173
598777200000,0.105
598780800000,0.028
598784400000,0.0
598788000000,0.0
598791600000,0.0
598795200000,0.0
598798800000,0.0
598802400000,0.0
598806000000,0.0
598809600000,0.0
598813200000,0.0
598816800000,0.0
598820400000,0.0
598824000000,0.0
598827600000,0.0
598831200000,0.0
598834800000,0.062
598838400000,0.158
598842000000,0.252
598845600000,0.298
598849200000,0.259
598852800000,0.22
598856400000,0.18
598860000000,0.129
598863600000,0.069
598867200000,0.016
598870800000,0.0
598874400000,0.0
598878000000,0.0
598881600000,0.0
598885200000,0.0
598888800000,0.0
598892400000,0.0
598896000000,0.0
598899600000,0.0
598903200000,0.0
598906800000,0.0
598910400000,0.0
598914000000,0.0
598917600000,0.0
598921200000,0.054
598924800000,0.126
598928400000,0.187
598932000000,0.242
598935600000,0.272
598939200000,0.267
598942800000,0.211
598946400000,0.147
598950000000,0.074
598953600000,0.02
598957200000,0.0
598960800000,0.0
598964400000,0.0
598968000000,0.0
598971600000,0.0
598975200000,0.0
598978800000,0.0
598982400000,0.0
598986000000,0.0
598989600000,0.0
598993200000,0.0
598996800000,0.0
599000400000,0.0
599004000000,0.0
599007600000,0.051
599011200000,0.126
599014800000,0.183
599018400000,0.207
599022000000,0.213
599025600000,0.203
599029200000,0.187
599032800000,0.128
599036400000,0.068
599040000000,0.018
599043600000,0.0
599047200000,0.0
599050800000,0.0
599054400000,0.0
599058000000,0.0
599061600000,0.0
599065200000,0.0
599068800000,0.0
599072400000,0.0
599076000000,0.0
599079600000,0.0
599083200000,0.0
599086800000,0.0
599090400000,0.0
599094000000,0.032
599097600000,0.087
599101200000,0.144
599104800000,0.199
599108400000,0.227
599112000000,0.22
599115600000,0.18
599119200000,0.128
599122800000,0.068
599126400000,0.018
599130000000,0.0
599133600000,0.0
599137200000,0.0
599140800000,0.0
599144400000,0.0
599148000000,0.0
599151600000,0.0
599155200000,0.0
599158800000,0.0
599162400000,0.0
599166000000,0.0
599169600000,0.0
599173200000,0.0
599176800000,0.004
599180400000,0.088
599184000000,0.212
599187600000,0.332
599191200000,0.399
599194800000,0.44
599198400000,0.432
599202000000,0.366
599205600000,0.279
599209200000,0.172
599212800000,0.057
599216400000,0.0
599220000000,0.0
599223600000,0.0
599227200000,0.0
599230800000,0.0
599234400000,0.0
599238000000,0.0
599241600000,0.0
599245200000,0.0
599248800000,0.0
599252400000,0.0
599256000000,0.0
599259600000,0.0
599263200000,0.003
599266800000,0.069
599270400000,0.156
599274000000,0.291
599277600000,0.441
599281200000,0.533
599284800000,0.554
599288400000,0.477
599292000000,0.349
599295600000,0.195
599299200000,0.062
599302800000,0.0
599306400000,0.0
599310000000,0.0
599313600000,0.0
599317200000,0.0
599320800000,0.0
599324400000,0.0
599328000000,0.0
599331600000,0.0
599335200000,0.0
599338800000,0.0
599342400000,0.0
599346000000,0.0
599349600000,0.0
599353200000,0.049
599356800000,0.126
599360400000,0.21
599364000000,0.29
599367600000,0.348
599371200000,0.399
599374800000,0.414
599378400000,0.352
599382000000,0.236
599385600000,0.087
599389200000,0.0
599392800000,0.0
599396400000,0.0
599400000000,0.0
599403600000,0.0
599407200000,0.0
599410800000,0.0
599414400000,0.0
599418000000,0.0
599421600000,0.0
599425200000,0.0
599428800000,0.0
599432400000,0.0
599436000000,0.006
599439600000,0.113
599443200000,0.24
599446800000,0.33
599450400000,0.378
599454000000,0.387
599457600000,0.322
599461200000,0.245
599464800000,0.184
599468400000,0.131
599472000000,0.048
599475600000,0.0
599479200000,0.0
599482800000,0.0
599486400000,0.0
599490000000,0.0
599493600000,0.0
599497200000,0.0
599500800000,0.0
599504400000,0.0
599508000000,0.0
599511600000,0.0
599515200000,0.0
599518800000,0.0
599522400000,0.006
599526000000,0.089
599529600000,0.194
599533200000,0.309
599536800000,0.36
599540400000,0.354
599544000000,0.292
599547600000,0.192
599551200000,0.135
599554800000,0.085
599558400000,0.029
599562000000,0.0
599565600000,0.0
599569200000,0.0
599572800000,0.0
599576400000,0.0
599580000000,0.0
599583600000,0.0
599587200000,0.0
599590800000,0.0
599594400000,0.0
599598000000,0.0
599601600000,0.0
599605200000,0.0
599608800000,0.003
599612400000,0.073
